Host#0
 5.1: 0.189  0.234  0.316  0   Consumption: 0  0  0  0 Total:0
 10.1: 0.205  0.234  0.316  0   Consumption: 543.095  18.701  24.851  0 Total:586.648
 15.1: 0.154  0.218  0.306  0   Consumption: 533.441  18.076  24.458  0 Total:575.976
 20.1: 0.09  0.203  0.296  0   Consumption: 494.535  16.826  23.672  0 Total:535.033
 25.1: 0.089  0.203  0.296  0   Consumption: 468.782  16.201  23.278  0 Total:508.261
 30.1: 0.101  0.203  0.296  0   Consumption: 479.304  16.201  23.278  0 Total:518.784
 35.1: 0.09  0.171  0.286  0   Consumption: 480.326  14.956  22.885  0 Total:518.168
 40.1: 0.079  0.171  0.286  0   Consumption: 459.421  13.711  22.492  0 Total:495.624
 45.1: 0.077  0.171  0.286  0   Consumption: 446.348  13.711  22.492  0 Total:482.551
 50.1: 0.086  0.171  0.286  0   Consumption: 453.019  13.711  22.492  0 Total:489.222
 55.1: 0.088  0.171  0.286  0   Consumption: 463.779  13.711  22.492  0 Total:499.982
 60.1: 0.077  0.156  0.276  0   Consumption: 455.009  13.086  22.099  0 Total:490.194
 65.1: 0.062  0.156  0.276  0   Consumption: 429.724  12.461  21.706  0 Total:463.891
 70.1: 0.055  0.156  0.276  0   Consumption: 407.99  12.461  21.706  0 Total:442.156
 75.1: 0.062  0.156  0.276  0   Consumption: 407.667  12.461  21.706  0 Total:441.833
 80.1: 0.054  0.156  0.276  0   Consumption: 406.591  12.461  21.706  0 Total:440.757
 85.1: 0.062  0.156  0.276  0   Consumption: 406.86  12.461  21.706  0 Total:441.026
 90.1: 0.063  0.156  0.276  0   Consumption: 415.36  12.461  21.706  0 Total:449.526
 95.1: 0.033  0.103  0.266  0   Consumption: 386.255  10.342  21.312  0 Total:417.909
 100.1: 0.034  0.103  0.266  0   Consumption: 358.172  8.223  20.919  0 Total:387.314
 105.1: 0.038  0.103  0.266  0   Consumption: 363.068  8.223  20.919  0 Total:392.21
 110.1: 0.031  0.103  0.266  0   Consumption: 359.679  8.223  20.919  0 Total:388.82
 115.1: 0.034  0.103  0.266  0   Consumption: 356.289  8.223  20.919  0 Total:385.431
 120.1: 0.035  0.103  0.266  0   Consumption: 360.001  8.223  20.919  0 Total:389.143
 125.1: 0.035  0.087  0.21  0   Consumption: 360.808  7.598  18.717  0 Total:387.123
 130.1: 0.032  0.087  0.21  0   Consumption: 358.172  6.973  16.515  0 Total:381.66
 135.1: 0.027  0.087  0.21  0   Consumption: 350.533  6.973  16.515  0 Total:374.021
 140.1: 0.022  0.072  0.098  0   Consumption: 340.419  6.348  12.111  0 Total:358.877
 145.1: 0.029  0.072  0.098  0   Consumption: 342.086  5.723  7.707  0 Total:355.516
 150.1: 0.027  0.072  0.098  0   Consumption: 347.305  5.723  7.707  0 Total:360.735
 155.1: 0.031  0.072  0.098  0   Consumption: 349.457  5.723  7.707  0 Total:362.886
 160.1: 0.024  0.072  0.098  0   Consumption: 346.928  5.723  7.707  0 Total:360.358
 165.1: 0.026  0.072  0.098  0   Consumption: 341.979  5.723  7.707  0 Total:355.409
 170.1: 0.033  0.072  0.098  0   Consumption: 350.802  5.723  7.707  0 Total:364.231
 175.1: 0.024  0.072  0.098  0   Consumption: 348.488  5.723  7.707  0 Total:361.918
 180.1: 0.025  0.072  0.098  0   Consumption: 339.827  5.723  7.707  0 Total:353.257
 185.1: 0.028  0.072  0.098  0   Consumption: 344.292  5.723  7.707  0 Total:357.722
 190.1: 0.032  0.072  0.098  0   Consumption: 351.824  5.723  7.707  0 Total:365.254
 195.1: 0.017  0.056  0.02  0   Consumption: 340.203  5.098  4.64  0 Total:349.941
 200.1: 0.013  0.056  0.02  0   Consumption: 321.105  4.473  1.573  0 Total:327.151
 205.1: 0.019  0.056  0.02  0   Consumption: 323.687  4.473  1.573  0 Total:329.733
 210.1: 0.015  0.056  0.02  0   Consumption: 325.463  4.473  1.573  0 Total:331.508
 215.1: 0.014  0.056  0.02  0   Consumption: 320.029  4.473  1.573  0 Total:326.075
 220.1: 0.016  0.056  0.02  0   Consumption: 321.159  4.473  1.573  0 Total:327.204
 225.1: 0.015  0.056  0.02  0   Consumption: 322.558  4.473  1.573  0 Total:328.603
 230.1: 0.018  0.056  0.02  0   Consumption: 324.925  4.473  1.573  0 Total:330.97
 235.1: 0.019  0.056  0.02  0   Consumption: 328.583  4.473  1.573  0 Total:334.629
 240.1: 0.018  0.056  0.02  0   Consumption: 328.691  4.473  1.573  0 Total:334.736
 245.1: 0.016  0.056  0.02  0   Consumption: 325.57  4.473  1.573  0 Total:331.616
 250.1: 0.018  0.056  0.02  0   Consumption: 325.355  4.473  1.573  0 Total:331.401
 255.1: 0.017  0.056  0.02  0   Consumption: 326.377  4.473  1.573  0 Total:332.423
 260.1: 0.017  0.056  0.02  0   Consumption: 325.624  4.473  1.573  0 Total:331.67
 265.1: 0.017  0.056  0.02  0   Consumption: 325.893  4.473  1.573  0 Total:331.939
 270.1: 0.016  0.056  0.02  0   Consumption: 325.086  4.473  1.573  0 Total:331.132
 275.1: 0.016  0.056  0.02  0   Consumption: 323.687  4.473  1.573  0 Total:329.733
 280.1: 0.018  0.056  0.02  0   Consumption: 325.086  4.473  1.573  0 Total:331.132
 285.1: 0.017  0.056  0.02  0   Consumption: 326.646  4.473  1.573  0 Total:332.692
 290.1: 0.017  0.016  0.01  0   Consumption: 326.001  2.861  1.18  0 Total:330.042
 295.1: 0.017  0.016  0.01  0   Consumption: 325.893  1.25  0.786  0 Total:327.929
 300.1: 0.01  0.016  0.01  0   Consumption: 319.168  1.25  0.786  0 Total:321.205
 305.1: 0.016  0.016  0.01  0   Consumption: 318.092  1.25  0.786  0 Total:320.129
 310.1: 0.016  0.016  0.01  0   Consumption: 323.58  1.25  0.786  0 Total:325.616
 315.1: 0.017  0.016  0.01  0   Consumption: 324.709  1.25  0.786  0 Total:326.746
 320.1: 0  0  0  0   Consumption: 308.893  0.625  0.393  0 Total:309.911
