92991	1127	256	5	0
43408	241	571	5	0
23492	716	256	44	0
23376	1039	256	5	0
20643	422	437	5	0
16860	587	256	41	0
14185	1347	256	5	0
13498	136	876	5	0
9597	136	256	49	0
9622	913	256	5	0
7959	222	440	5	0
5772	643	256	55	0
108620	918	256	5	0
46872	244	876	5	0
26147	777	256	37	0
23649	1483	256	5	0
17308	755	637	5	0
16988	261	256	51	0
15522	1273	256	5	0
13174	212	881	5	0
9371	264	256	32	0
9168	899	256	5	0
8150	756	400	5	0
6423	757	256	51	0
104975	1583	256	5	0
40632	534	774	5	0
25093	245	256	45	0
25587	1290	256	5	0
13886	331	570	5	0
16044	549	256	31	0
14128	1466	256	5	0
8905	750	612	5	0
11266	707	256	58	0
6947	1306	256	5	0
8262	584	536	5	0
8859	684	256	38	0
83121	1076	256	5	0
46328	243	477	5	0
22678	518	256	29	0
17293	1226	256	5	0
21321	668	444	5	0
17223	280	256	35	0
12205	985	256	5	0
11305	428	507	5	0
11903	185	256	39	0
10806	1560	256	5	0
9834	530	595	5	0
8962	151	256	46	0
93156	1011	256	5	0
38655	790	878	5	0
26447	690	256	27	0
19563	1070	256	5	0
20864	430	800	5	0
18696	435	256	38	0
13685	1298	256	5	0
10936	219	495	5	0
11664	481	256	25	0
11002	872	256	5	0
7349	145	422	5	0
7535	612	256	37	0
71155	1125	256	5	0
35367	185	585	5	0
33686	565	256	42	0
25347	1222	256	5	0
19741	249	645	5	0
15978	272	256	21	0
12222	1153	256	5	0
9521	380	732	5	0
9359	735	256	26	0
10208	975	256	5	0
8461	197	394	5	0
8512	576	256	49	0
103343	1315	256	5	0
56204	408	870	5	0
27369	495	256	29	0
22233	1052	256	5	0
20995	609	743	5	0
13250	678	256	50	0
13090	1260	256	5	0
13317	247	777	5	0
10509	575	256	33	0
10166	1201	256	5	0
9007	414	895	5	0
6030	480	256	51	0
102420	1062	256	5	0
56004	671	559	5	0
36985	185	256	42	0
22257	953	256	5	0
21480	210	738	5	0
14969	696	256	33	0
9787	1216	256	5	0
10341	755	504	5	0
10759	129	256	30	0
8381	1226	256	5	0
7497	232	654	5	0
7845	289	256	41	0
95195	1540	256	5	0
46083	586	673	5	0
36172	315	256	27	0
19214	1481	256	5	0
21978	662	441	5	0
14158	499	256	33	0
13026	1448	256	5	0
12681	558	499	5	0
11448	699	256	25	0
7838	1454	256	5	0
8458	389	550	5	0
6289	658	256	23	0
86201	905	256	5	0
42510	294	809	5	0
28882	644	256	54	0
28076	1317	256	5	0
18512	534	549	5	0
17610	127	256	37	0
14781	938	256	5	0
9890	606	886	5	0
10070	656	256	59	0
7701	1194	256	5	0
10157	244	387	5	0
9195	734	256	51	0
79001	1057	256	5	0
42483	423	806	5	0
33447	790	256	42	0
26922	940	256	5	0
21525	314	518	5	0
15577	615	256	22	0
11984	1382	256	5	0
12089	523	793	5	0
8250	324	256	58	0
9525	1396	256	5	0
8012	185	642	5	0
7073	481	256	28	0
88318	1495	256	5	0
36606	334	669	5	0
30732	186	256	31	0
24398	916	256	5	0
20883	570	695	5	0
17574	409	256	50	0
12636	906	256	5	0
11058	729	520	5	0
8306	337	256	25	0
10348	916	256	5	0
9790	730	454	5	0
9288	156	256	28	0
91407	1289	256	5	0
53935	653	624	5	0
26392	649	256	54	0
26891	927	256	5	0
16161	472	886	5	0
14246	312	256	44	0
12971	961	256	5	0
11770	571	669	5	0
11297	583	256	40	0
11015	1507	256	5	0
7256	135	631	5	0
8509	299	256	25	0
88390	1121	256	5	0
47173	369	889	5	0
36466	378	256	24	0
21152	1186	256	5	0
14641	553	532	5	0
17900	421	256	26	0
15523	1094	256	5	0
10386	573	749	5	0
8731	428	256	36	0
7337	1295	256	5	0
9832	445	481	5	0
8479	700	256	54	0
100834	1522	256	5	0
38157	334	834	5	0
28188	239	256	21	0
27152	1037	256	5	0
13584	682	467	5	0
16340	104	256	40	0
15006	845	256	5	0
8717	641	627	5	0
10597	181	256	46	0
7825	1080	256	5	0
9027	431	399	5	0
8743	350	256	50	0
100069	1296	256	5	0
36337	365	744	5	0
28729	505	256	42	0
24083	1218	256	5	0
22372	515	624	5	0
12499	713	256	21	0
14579	1136	256	5	0
13596	649	834	5	0
9702	648	256	43	0
10625	1125	256	5	0
8416	494	758	5	0
6308	596	256	45	0
68143	895	256	5	0
36217	304	645	5	0
29171	553	256	29	0
20481	1372	256	5	0
15694	685	676	5	0
14952	399	256	27	0
14242	1487	256	5	0
11088	332	708	5	0
8072	638	256	53	0
7879	1214	256	5	0
6828	373	582	5	0
6297	256	256	22	0
94526	1142	256	5	0
53816	179	640	5	0
25922	571	256	25	0
24488	1389	256	5	0
17831	185	544	5	0
13086	530	256	58	0
12558	1449	256	5	0
10857	675	620	5	0
10492	491	256	39	0
9203	1473	256	5	0
6158	110	583	5	0
6733	226	256	30	0
99787	1512	256	5	0
51625	482	791	5	0
34323	523	256	29	0
19311	840	256	5	0
22113	326	537	5	0
18143	791	256	28	0
12686	1247	256	5	0
14033	773	722	5	0
8375	712	256	28	0
9933	1020	256	5	0
8627	231	603	5	0
8753	551	256	30	0
71413	902	256	5	0
43278	427	659	5	0
24991	537	256	48	0
20252	1330	256	5	0
15103	306	542	5	0
14811	125	256	54	0
10480	1097	256	5	0
13971	584	456	5	0
11173	107	256	51	0
11179	1473	256	5	0
10014	362	825	5	0
8129	456	256	44	0
84288	1419	256	5	0
44567	133	475	5	0
24535	321	256	50	0
20949	1487	256	5	0
18961	760	719	5	0
16168	620	256	59	0
10368	861	256	5	0
11684	318	560	5	0
7603	764	256	59	0
7109	1293	256	5	0
9598	127	649	5	0
8766	559	256	53	0
95337	1514	256	5	0
39253	605	784	5	0
34799	342	256	55	0
27109	1090	256	5	0
18232	589	468	5	0
16327	371	256	56	0
9826	1105	256	5	0
8577	233	683	5	0
12214	674	256	51	0
9389	966	256	5	0
8320	202	408	5	0
7016	411	256	21	0
110225	890	256	5	0
47812	691	846	5	0
24834	506	256	39	0
17383	995	256	5	0
16516	289	493	5	0
18502	770	256	31	0
12987	946	256	5	0
8727	222	495	5	0
8880	446	256	31	0
9048	1582	256	5	0
7670	482	564	5	0
8465	657	256	57	0
94459	862	256	5	0
55863	366	626	5	0
36799	221	256	24	0
27219	1321	256	5	0
20089	711	857	5	0
12146	516	256	39	0
11780	1402	256	5	0
14006	730	615	5	0
9227	718	256	31	0
10159	886	256	5	0
7161	791	525	5	0
8955	517	256	49	0
103484	955	256	5	0
52522	336	646	5	0
29569	484	256	38	0
26972	925	256	5	0
15827	433	580	5	0
14368	721	256	30	0
14869	1445	256	5	0
12909	788	529	5	0
8138	293	256	35	0
10560	1243	256	5	0
8744	413	643	5	0
7455	495	256	45	0
107094	1575	256	5	0
52388	504	423	5	0
31250	792	256	44	0
22033	1326	256	5	0
15967	394	522	5	0
13646	253	256	57	0
12992	1399	256	5	0
13136	252	725	5	0
10484	560	256	59	0
9543	1094	256	5	0
7832	671	596	5	0
6027	766	256	56	0
101914	1462	256	5	0
38841	145	642	5	0
32505	727	256	22	0
26980	1386	256	5	0
14499	346	793	5	0
12380	782	256	22	0
13050	1515	256	5	0
12277	514	888	5	0
11039	502	256	37	0
10162	1005	256	5	0
7659	754	420	5	0
8799	673	256	58	0
76519	1142	256	5	0
53513	352	636	5	0
26639	719	256	50	0
16993	804	256	5	0
16339	347	558	5	0
15485	392	256	40	0
10179	1472	256	5	0
10213	102	759	5	0
9255	160	256	24	0
8216	1584	256	5	0
7459	270	759	5	0
7314	135	256	33	0
106497	1269	256	5	0
41420	457	794	5	0
26733	610	256	40	0
17338	1541	256	5	0
21591	680	518	5	0
16536	171	256	55	0
13075	887	256	5	0
11597	717	575	5	0
10240	340	256	52	0
11223	1372	256	5	0
8544	625	404	5	0
6683	343	256	21	0
78181	1561	256	5	0
55974	527	865	5	0
34302	363	256	41	0
23841	903	256	5	0
15439	535	620	5	0
12397	794	256	24	0
15989	1098	256	5	0
8682	600	676	5	0
12368	290	256	45	0
7913	1419	256	5	0
7600	640	657	5	0
8807	689	256	56	0
88140	1566	256	5	0
34261	344	424	5	0
25808	753	256	25	0
17819	1537	256	5	0
19329	232	639	5	0
17070	470	256	51	0
13960	1015	256	5	0
11644	646	717	5	0
8451	336	256	49	0
8862	1035	256	5	0
10216	631	460	5	0
7684	719	256	47	0
93439	952	256	5	0
49111	627	737	5	0
29605	342	256	59	0
18534	957	256	5	0
22285	226	397	5	0
15044	561	256	45	0
12622	1362	256	5	0
9428	168	699	5	0
8778	171	256	23	0
9734	957	256	5	0
7776	186	782	5	0
8999	286	256	42	0
78934	1042	256	5	0
38896	337	576	5	0
28064	420	256	57	0
21634	1551	256	5	0
18011	431	629	5	0
13140	485	256	40	0
12282	1343	256	5	0
9434	403	733	5	0
8460	642	256	50	0
9781	1237	256	5	0
9746	521	610	5	0
5831	686	256	48	0
88371	1211	256	5	0
40703	577	396	5	0
33688	676	256	38	0
19210	1199	256	5	0
16377	164	733	5	0
14617	590	256	51	0
15688	1023	256	5	0
13034	302	553	5	0
8929	679	256	54	0
10510	1052	256	5	0
8634	456	612	5	0
7202	515	256	54	0
71240	979	256	5	0
37894	371	667	5	0
28414	188	256	30	0
24608	966	256	5	0
18634	247	482	5	0
16502	698	256	45	0
15389	864	256	5	0
11667	247	772	5	0
8520	373	256	57	0
8407	1432	256	5	0
8852	630	719	5	0
6013	733	256	40	0
69558	1441	256	5	0
35370	290	480	5	0
28797	419	256	28	0
27172	1159	256	5	0
17220	416	881	5	0
15637	290	256	36	0
10083	1086	256	5	0
12920	726	856	5	0
12033	424	256	23	0
8069	1048	256	5	0
9669	380	413	5	0
5832	101	256	48	0
105373	848	256	5	0
52048	159	781	5	0
26483	335	256	29	0
20530	1599	256	5	0
15869	793	839	5	0
17546	693	256	37	0
10363	969	256	5	0
9269	591	659	5	0
12399	772	256	39	0
7606	800	256	5	0
9274	576	839	5	0
6342	534	256	43	0
91035	846	256	5	0
34344	106	525	5	0
33700	306	256	55	0
22847	921	256	5	0
19074	752	861	5	0
18396	676	256	53	0
13638	1478	256	5	0
11294	525	631	5	0
11197	134	256	39	0
9868	913	256	5	0
6273	366	752	5	0
5658	336	256	59	0
76925	1462	256	5	0
50489	404	518	5	0
32768	294	256	48	0
18054	1419	256	5	0
20619	590	459	5	0
14975	796	256	40	0
14277	1398	256	5	0
8741	766	845	5	0
7882	505	256	40	0
10296	1310	256	5	0
7018	604	403	5	0
7065	641	256	25	0
102869	947	256	5	0
33807	714	815	5	0
28731	101	256	23	0
24351	906	256	5	0
13888	651	799	5	0
16420	383	256	53	0
12118	1168	256	5	0
9742	754	701	5	0
10732	733	256	51	0
9958	1002	256	5	0
6373	313	555	5	0
8715	640	256	34	0
102405	878	256	5	0
34793	149	448	5	0
29115	607	256	28	0
25161	1443	256	5	0
14679	747	462	5	0
17980	183	256	26	0
12138	1138	256	5	0
9986	745	512	5	0
11645	749	256	59	0
10708	1311	256	5	0
7939	799	682	5	0
8863	552	256	59	0
84517	1005	256	5	0
34823	520	601	5	0
26107	602	256	37	0
22990	1498	256	5	0
17892	456	495	5	0
18321	766	256	55	0
11128	1325	256	5	0
8800	373	814	5	0
9542	775	256	57	0
9933	927	256	5	0
7624	726	481	5	0
7369	347	256	51	0
84275	1403	256	5	0
55309	762	788	5	0
37423	685	256	51	0
20598	1515	256	5	0
22207	512	567	5	0
12259	371	256	49	0
14363	1348	256	5	0
9049	508	608	5	0
9862	362	256	29	0
7749	1052	256	5	0
8092	714	720	5	0
8089	710	256	40	0
111890	953	256	5	0
45676	248	817	5	0
27615	766	256	21	0
18644	1445	256	5	0
14646	138	647	5	0
13189	501	256	59	0
10467	1359	256	5	0
10461	258	597	5	0
11400	324	256	40	0
10094	1296	256	5	0
9194	341	746	5	0
6395	321	256	40	0
68394	1534	256	5	0
39331	152	683	5	0
28312	511	256	56	0
22139	964	256	5	0
14986	364	498	5	0
13335	793	256	36	0
11541	1568	256	5	0
8544	472	420	5	0
11219	332	256	28	0
10752	1052	256	5	0
7445	113	489	5	0
8728	475	256	21	0
71810	832	256	5	0
52541	149	631	5	0
37291	191	256	59	0
17081	1151	256	5	0
21203	582	494	5	0
15656	577	256	50	0
12063	1144	256	5	0
12459	469	611	5	0
8988	112	256	32	0
9355	1520	256	5	0
7732	461	398	5	0
7760	342	256	44	0
104818	1149	256	5	0
36029	155	555	5	0
33953	249	256	39	0
26503	1402	256	5	0
21608	376	872	5	0
13217	274	256	27	0
11449	826	256	5	0
13093	219	847	5	0
12445	160	256	20	0
7552	1192	256	5	0
8229	396	791	5	0
7929	695	256	47	0
89552	1001	256	5	0
35399	101	797	5	0
37205	252	256	40	0
21166	1589	256	5	0
21784	738	753	5	0
11686	486	256	23	0
11728	1016	256	5	0
10015	562	728	5	0
9942	353	256	54	0
8668	1193	256	5	0
6861	411	431	5	0
7255	641	256	20	0
69206	1332	256	5	0
50375	267	667	5	0
23711	136	256	42	0
27746	1499	256	5	0
14441	674	707	5	0
12179	125	256	25	0
15453	1122	256	5	0
13777	236	485	5	0
12412	259	256	41	0
7753	1297	256	5	0
8712	433	706	5	0
7793	174	256	51	0
89460	1597	256	5	0
34911	752	710	5	0
22556	576	256	41	0
26184	1299	256	5	0
13664	397	399	5	0
16743	527	256	46	0
13212	1035	256	5	0
10760	540	782	5	0
10295	275	256	28	0
7720	1502	256	5	0
6309	684	409	5	0
5749	676	256	53	0
90138	874	256	5	0
34601	626	495	5	0
31819	228	256	50	0
20566	880	256	5	0
15804	312	506	5	0
15345	796	256	46	0
9994	1062	256	5	0
12331	292	774	5	0
8433	395	256	42	0
10124	1284	256	5	0
9957	438	523	5	0
5779	612	256	34	0
105325	1441	256	5	0
48860	410	386	5	0
31303	112	256	28	0
24534	1475	256	5	0
21812	293	454	5	0
15772	786	256	40	0
10214	1344	256	5	0
13444	715	401	5	0
7689	646	256	46	0
8063	1412	256	5	0
9619	521	459	5	0
5852	178	256	22	0
100062	936	256	5	0
39394	105	611	5	0
33768	606	256	43	0
17667	1562	256	5	0
19193	121	442	5	0
16291	785	256	42	0
15687	1024	256	5	0
9994	693	405	5	0
12188	458	256	40	0
10274	815	256	5	0
8793	590	655	5	0
7922	269	256	56	0
71591	1326	256	5	0
51963	368	824	5	0
27658	581	256	35	0
22602	1422	256	5	0
14615	434	418	5	0
18237	445	256	35	0
14833	1160	256	5	0
8631	668	523	5	0
8361	378	256	53	0
10692	1302	256	5	0
9095	732	480	5	0
8281	473	256	31	0
92393	1558	256	5	0
51371	184	649	5	0
36292	137	256	30	0
22135	1378	256	5	0
21201	587	663	5	0
11370	310	256	28	0
12339	1005	256	5	0
9795	378	517	5	0
11665	492	256	39	0
7839	991	256	5	0
8872	507	677	5	0
7490	168	256	39	0
68895	1199	256	5	0
41165	317	436	5	0
31761	437	256	55	0
26009	1413	256	5	0
17721	168	894	5	0
16700	764	256	49	0
13796	1472	256	5	0
13923	171	576	5	0
10980	372	256	42	0
7703	1076	256	5	0
9674	106	837	5	0
6497	142	256	44	0
87301	1196	256	5	0
46239	238	663	5	0
27287	782	256	53	0
24184	1208	256	5	0
15034	692	751	5	0
12668	744	256	41	0
15517	1083	256	5	0
11474	127	403	5	0
7779	402	256	35	0
6981	1145	256	5	0
7490	126	622	5	0
8508	445	256	52	0
74320	1357	256	5	0
46163	657	523	5	0
35591	386	256	42	0
27376	1106	256	5	0
18479	639	549	5	0
14838	478	256	29	0
12115	1303	256	5	0
12872	631	446	5	0
11261	299	256	45	0
7879	881	256	5	0
7003	105	570	5	0
6225	496	256	33	0
68368	1367	256	5	0
46697	779	499	5	0
31229	670	256	21	0
26921	1524	256	5	0
15404	714	555	5	0
12854	407	256	40	0
11222	905	256	5	0
13915	332	637	5	0
11821	769	256	42	0
6821	1417	256	5	0
6408	587	832	5	0
8843	300	256	47	0
87773	989	256	5	0
51728	403	766	5	0
24774	173	256	45	0
27889	1159	256	5	0
21781	523	447	5	0
16597	288	256	53	0
14983	875	256	5	0
9255	266	595	5	0
7805	389	256	48	0
8329	870	256	5	0
7612	579	529	5	0
6201	145	256	27	0
111782	1056	256	5	0
52060	466	862	5	0
26610	140	256	46	0
17218	1334	256	5	0
22305	614	626	5	0
13434	687	256	38	0
9775	801	256	5	0
12083	662	843	5	0
12056	780	256	53	0
8974	1111	256	5	0
8553	566	413	5	0
5777	107	256	20	0
91505	987	256	5	0
50880	489	657	5	0
30832	615	256	53	0
18919	871	256	5	0
20997	482	458	5	0
16256	325	256	22	0
13803	1315	256	5	0
9758	643	660	5	0
9846	678	256	53	0
8148	1359	256	5	0
6829	444	833	5	0
8108	420	256	43	0
93310	853	256	5	0
46027	374	418	5	0
33272	345	256	40	0
20576	1316	256	5	0
18105	599	574	5	0
16765	719	256	37	0
14732	1359	256	5	0
11299	120	699	5	0
9923	359	256	49	0
6975	1264	256	5	0
6635	478	410	5	0
8966	709	256	47	0
82995	1511	256	5	0
39159	569	443	5	0
33711	688	256	46	0
22000	917	256	5	0
19435	279	652	5	0
13811	754	256	36	0
15408	1371	256	5	0
10588	612	455	5	0
11898	268	256	36	0
7770	1006	256	5	0
9124	153	425	5	0
7401	575	256	40	0
101014	1596	256	5	0
35250	746	690	5	0
34816	579	256	34	0
20597	805	256	5	0
19864	370	827	5	0
16821	137	256	48	0
9750	1218	256	5	0
13233	520	645	5	0
9996	500	256	51	0
8718	1228	256	5	0
7262	418	873	5	0
7489	189	256	21	0
83619	1437	256	5	0
47220	164	662	5	0
33081	168	256	57	0
20139	862	256	5	0
19778	207	857	5	0
15963	443	256	22	0
11264	1528	256	5	0
12651	693	494	5	0
7950	754	256	27	0
11041	1583	256	5	0
8212	530	454	5	0
5848	791	256	49	0
85375	1408	256	5	0
38026	100	890	5	0
27287	518	256	23	0
18590	1403	256	5	0
19930	424	802	5	0
14793	356	256	57	0
9686	1248	256	5	0
10768	542	481	5	0
9073	153	256	53	0
10003	1103	256	5	0
7872	457	812	5	0
8121	654	256	47	0
78516	814	256	5	0
55157	441	704	5	0
36568	565	256	47	0
25558	1385	256	5	0
17023	143	459	5	0
17232	555	256	42	0
15325	1248	256	5	0
10381	531	464	5	0
10556	581	256	48	0
10209	1075	256	5	0
9286	797	511	5	0
6618	428	256	20	0
108069	1005	256	5	0
49204	647	772	5	0
29257	139	256	42	0
20980	930	256	5	0
19975	683	726	5	0
13936	610	256	31	0
12833	1184	256	5	0
12951	730	529	5	0
9433	197	256	44	0
9863	1566	256	5	0
8266	233	657	5	0
7227	350	256	47	0
84985	1069	256	5	0
48822	779	630	5	0
25221	755	256	45	0
24723	971	256	5	0
21452	507	758	5	0
17122	388	256	43	0
10842	1251	256	5	0
10638	785	803	5	0
7513	586	256	46	0
9243	1038	256	5	0
8742	258	648	5	0
8148	335	256	20	0
88967	1056	256	5	0
41977	439	727	5	0
27984	797	256	55	0
21429	1583	256	5	0
20915	621	655	5	0
17966	444	256	30	0
11873	1435	256	5	0
10892	176	619	5	0
11445	426	256	29	0
9521	1539	256	5	0
8085	668	729	5	0
5717	187	256	50	0
70354	1374	256	5	0
50714	518	835	5	0
31975	489	256	43	0
22473	1434	256	5	0
18866	450	681	5	0
14444	774	256	36	0
10668	807	256	5	0
8619	665	804	5	0
8856	678	256	46	0
9397	1049	256	5	0
7692	271	879	5	0
6725	702	256	33	0
104943	1290	256	5	0
42132	209	789	5	0
27929	583	256	39	0
27343	1198	256	5	0
19801	206	637	5	0
12962	165	256	29	0
15146	1002	256	5	0
10214	109	455	5	0
12254	118	256	50	0
11144	870	256	5	0
7553	251	826	5	0
6354	480	256	50	0
74701	1356	256	5	0
46921	202	758	5	0
33945	711	256	40	0
18518	1505	256	5	0
16757	158	855	5	0
17985	525	256	21	0
11736	1427	256	5	0
12942	712	624	5	0
11421	351	256	41	0
10987	1503	256	5	0
6400	707	712	5	0
6924	198	256	22	0
86122	1117	256	5	0
50213	183	735	5	0
34530	300	256	59	0
21929	1520	256	5	0
18572	722	571	5	0
16361	227	256	51	0
15552	1037	256	5	0
9331	615	663	5	0
9764	629	256	41	0
10776	1422	256	5	0
8547	186	895	5	0
7191	244	256	37	0
109796	980	256	5	0
54920	656	789	5	0
33631	570	256	27	0
26598	1022	256	5	0
16376	532	730	5	0
13290	422	256	47	0
11569	1063	256	5	0
9819	249	817	5	0
10034	243	256	37	0
8545	1004	256	5	0
7684	491	680	5	0
6870	334	256	48	0
86841	920	256	5	0
39254	469	454	5	0
32804	252	256	42	0
18504	870	256	5	0
19715	316	631	5	0
16173	276	256	45	0
14870	1469	256	5	0
12357	641	480	5	0
7904	333	256	54	0
10873	1274	256	5	0
8361	641	863	5	0
6463	602	256	51	0
112378	1223	256	5	0
45868	132	613	5	0
27982	108	256	27	0
17534	1141	256	5	0
20558	187	614	5	0
12401	601	256	35	0
11796	803	256	5	0
9935	759	567	5	0
7674	549	256	56	0
10200	1385	256	5	0
8488	663	473	5	0
5707	165	256	46	0
88014	1102	256	5	0
52683	473	387	5	0
26106	484	256	39	0
17545	1412	256	5	0
16567	617	611	5	0
15269	386	256	54	0
13746	934	256	5	0
8924	433	585	5	0
12055	254	256	32	0
7538	856	256	5	0
9396	106	719	5	0
8351	444	256	58	0
81471	897	256	5	0
51898	758	683	5	0
26485	703	256	22	0
24183	1187	256	5	0
13823	437	583	5	0
18312	379	256	31	0
13861	1105	256	5	0
12507	309	619	5	0
9252	783	256	37	0
8499	889	256	5	0
8412	209	737	5	0
8185	409	256	49	0
104597	1103	256	5	0
55027	412	892	5	0
37106	580	256	39	0
18137	893	256	5	0
19947	739	890	5	0
16654	574	256	32	0
14485	1083	256	5	0
9712	208	596	5	0
11320	238	256	55	0
8698	959	256	5	0
9722	287	452	5	0
6069	128	256	32	0
76992	1507	256	5	0
52784	621	633	5	0
34637	798	256	38	0
25469	1057	256	5	0
21946	339	581	5	0
15487	596	256	48	0
14707	867	256	5	0
11845	517	722	5	0
8711	544	256	20	0
7935	953	256	5	0
6767	168	890	5	0
7797	122	256	42	0
78929	1018	256	5	0
44714	359	853	5	0
29678	541	256	50	0
26405	1302	256	5	0
13683	491	771	5	0
16035	681	256	33	0
11116	1442	256	5	0
10246	645	386	5	0
10694	679	256	55	0
9861	983	256	5	0
8471	457	576	5	0
6327	739	256	48	0
77920	1538	256	5	0
53116	170	588	5	0
31987	709	256	24	0
27302	866	256	5	0
14060	404	768	5	0
13310	225	256	37	0
15721	916	256	5	0
14006	738	644	5	0
10793	537	256	58	0
8196	1554	256	5	0
6716	795	784	5	0
6701	768	256	22	0
111489	1516	256	5	0
45101	369	459	5	0
26354	722	256	40	0
27070	1054	256	5	0
19326	173	815	5	0
16073	182	256	43	0
14085	1122	256	5	0
10643	121	580	5	0
10217	439	256	35	0
8775	1009	256	5	0
8265	452	745	5	0
7571	595	256	22	0
104017	1349	256	5	0
49014	554	468	5	0
34260	689	256	43	0
20558	1116	256	5	0
18476	334	866	5	0
15833	573	256	59	0
13413	1065	256	5	0
12264	376	794	5	0
12454	773	256	39	0
8486	1256	256	5	0
6299	637	639	5	0
6783	708	256	53	0
86353	999	256	5	0
37983	690	720	5	0
29825	785	256	25	0
16971	956	256	5	0
20172	369	704	5	0
15819	191	256	46	0
13125	967	256	5	0
11894	661	778	5	0
7898	518	256	25	0
6807	1217	256	5	0
8473	605	591	5	0
8303	108	256	51	0
86172	1488	256	5	0
46497	766	703	5	0
22822	412	256	24	0
24828	849	256	5	0
21217	602	819	5	0
12232	597	256	33	0
12851	1435	256	5	0
12786	709	402	5	0
11819	761	256	21	0
10890	1451	256	5	0
9121	197	461	5	0
8595	519	256	21	0
102250	1299	256	5	0
53263	472	431	5	0
32910	251	256	32	0
16989	1086	256	5	0
18815	181	558	5	0
16996	304	256	20	0
15097	936	256	5	0
10560	281	715	5	0
11579	770	256	22	0
10149	1415	256	5	0
6213	582	583	5	0
5640	445	256	27	0
83409	1113	256	5	0
47611	170	474	5	0
29722	680	256	46	0
22780	846	256	5	0
19048	187	635	5	0
18521	380	256	48	0
12466	1582	256	5	0
12973	583	403	5	0
10624	766	256	57	0
9529	909	256	5	0
6560	407	681	5	0
7951	276	256	43	0
78781	1424	256	5	0
53074	579	876	5	0
36992	726	256	52	0
26460	909	256	5	0
16601	265	598	5	0
16533	712	256	30	0
15216	842	256	5	0
9204	202	855	5	0
10748	429	256	56	0
7181	1567	256	5	0
6665	187	852	5	0
6438	129	256	36	0
93954	1525	256	5	0
54052	535	620	5	0
23807	685	256	21	0
26474	1391	256	5	0
19954	276	674	5	0
15030	149	256	42	0
10431	1169	256	5	0
8754	451	601	5	0
7987	317	256	24	0
10770	1033	256	5	0
9558	224	741	5	0
5691	273	256	49	0
111623	804	256	5	0
54408	396	619	5	0
24248	439	256	27	0
24191	1273	256	5	0
14447	470	850	5	0
16364	290	256	52	0
11324	1125	256	5	0
13226	342	758	5	0
9709	750	256	47	0
10241	924	256	5	0
6483	599	644	5	0
6986	677	256	32	0
70589	1583	256	5	0
56216	338	618	5	0
34582	222	256	33	0
16929	1309	256	5	0
19666	352	690	5	0
13195	707	256	37	0
15199	1173	256	5	0
13832	213	650	5	0
9862	104	256	50	0
8088	1451	256	5	0
8652	372	437	5	0
8027	328	256	47	0
82483	1046	256	5	0
52859	157	682	5	0
28252	706	256	31	0
17193	1398	256	5	0
17367	734	767	5	0
12394	119	256	47	0
11475	1427	256	5	0
12412	276	542	5	0
10370	618	256	51	0
7727	913	256	5	0
9899	340	519	5	0
8273	272	256	47	0
95159	1300	256	5	0
34993	686	638	5	0
26656	595	256	57	0
25066	852	256	5	0
16892	303	644	5	0
12472	790	256	57	0
11718	884	256	5	0
12947	132	877	5	0
11960	653	256	29	0
7328	1264	256	5	0
8150	523	782	5	0
8822	716	256	44	0
73200	1512	256	5	0
39968	278	396	5	0
29424	442	256	26	0
22524	1485	256	5	0
14951	267	828	5	0
17038	127	256	51	0
15525	945	256	5	0
9007	334	419	5	0
8134	592	256	46	0
10898	1086	256	5	0
9470	650	498	5	0
6960	228	256	32	0
106012	835	256	5	0
44390	674	732	5	0
27587	744	256	57	0
26946	1506	256	5	0
16258	423	387	5	0
11789	774	256	30	0
11034	948	256	5	0
9356	531	390	5	0
12393	375	256	53	0
9483	1503	256	5	0
8748	451	397	5	0
8931	480	256	31	0
84986	1317	256	5	0
34266	357	867	5	0
33370	688	256	42	0
19706	1029	256	5	0
17561	602	703	5	0
16669	781	256	22	0
12212	1514	256	5	0
11594	283	617	5	0
12394	297	256	58	0
9721	1560	256	5	0
7197	607	865	5	0
6441	238	256	37	0
100923	1277	256	5	0
53228	474	518	5	0
35381	475	256	53	0
27931	824	256	5	0
15035	483	624	5	0
12025	113	256	30	0
14636	1081	256	5	0
12081	718	499	5	0
12472	418	256	39	0
9310	1597	256	5	0
8953	120	535	5	0
9252	661	256	24	0
106043	804	256	5	0
40004	615	473	5	0
25429	512	256	33	0
18969	951	256	5	0
14518	242	856	5	0
14676	130	256	34	0
9866	830	256	5	0
11115	335	667	5	0
11207	282	256	51	0
10155	1253	256	5	0
8336	149	666	5	0
8510	181	256	21	0
88377	1312	256	5	0
44889	612	388	5	0
30649	325	256	55	0
23560	979	256	5	0
22461	537	502	5	0
16155	246	256	44	0
13880	1342	256	5	0
13090	739	393	5	0
10100	167	256	56	0
10248	1109	256	5	0
6390	297	474	5	0
7130	159	256	42	0
79147	991	256	5	0
45043	558	846	5	0
25321	179	256	46	0
23985	1278	256	5	0
15243	298	687	5	0
15566	509	256	56	0
10742	1420	256	5	0
12020	164	827	5	0
10104	316	256	53	0
9217	971	256	5	0
9820	104	716	5	0
5638	547	256	30	0
106355	822	256	5	0
51986	492	409	5	0
26386	121	256	45	0
25678	1204	256	5	0
15758	168	880	5	0
12912	627	256	56	0
9652	1420	256	5	0
12051	730	622	5	0
10257	548	256	29	0
10569	1326	256	5	0
8401	678	856	5	0
8683	612	256	21	0
76210	1046	256	5	0
53095	534	744	5	0
33127	454	256	20	0
20573	1107	256	5	0
15776	198	461	5	0
17252	501	256	45	0
13351	1183	256	5	0
10789	504	704	5	0
11699	639	256	22	0
8047	968	256	5	0
9579	124	624	5	0
9235	235	256	27	0
84789	973	256	5	0
55404	732	866	5	0
36451	642	256	34	0
26443	1307	256	5	0
15055	514	553	5	0
16915	796	256	52	0
12111	1396	256	5	0
8796	640	406	5	0
11445	718	256	30	0
10581	1405	256	5	0
6893	690	694	5	0
5874	319	256	57	0
77491	1165	256	5	0
49444	165	882	5	0
27097	747	256	35	0
21691	1532	256	5	0
13638	324	442	5	0
13192	513	256	37	0
13086	964	256	5	0
9756	421	444	5	0
8744	686	256	44	0
9783	1401	256	5	0
7959	166	562	5	0
7914	161	256	43	0
105227	1570	256	5	0
38889	533	439	5	0
28703	150	256	33	0
18196	1198	256	5	0
19938	158	697	5	0
12667	213	256	34	0
10114	1543	256	5	0
13715	295	649	5	0
7564	191	256	59	0
7977	855	256	5	0
7468	354	536	5	0
7887	550	256	48	0
111870	1482	256	5	0
50365	101	573	5	0
28883	156	256	41	0
17316	1206	256	5	0
17174	362	406	5	0
13251	173	256	45	0
15896	1420	256	5	0
10469	307	588	5	0
7656	708	256	55	0
10078	1280	256	5	0
9653	282	722	5	0
6725	505	256	50	0
72306	1288	256	5	0
43486	586	796	5	0
29066	285	256	55	0
24718	1400	256	5	0
16440	200	581	5	0
13593	628	256	32	0
10472	987	256	5	0
12987	604	778	5	0
9605	758	256	38	0
7882	1297	256	5	0
9030	124	574	5	0
9219	146	256	53	0
97005	1365	256	5	0
45961	726	859	5	0
32080	390	256	21	0
18434	1039	256	5	0
17218	483	856	5	0
17722	550	256	57	0
13169	1112	256	5	0
11245	511	410	5	0
12053	491	256	49	0
7619	911	256	5	0
8357	306	394	5	0
6791	222	256	34	0
71305	831	256	5	0
34567	688	806	5	0
36573	428	256	39	0
16939	1499	256	5	0
16724	114	637	5	0
12211	368	256	44	0
13470	1194	256	5	0
13078	234	559	5	0
8191	405	256	20	0
8875	915	256	5	0
6205	173	428	5	0
7069	369	256	26	0
80100	1137	256	5	0
38691	180	611	5	0
36698	579	256	23	0
16905	1266	256	5	0
18034	542	471	5	0
12115	154	256	27	0
12700	925	256	5	0
11847	133	508	5	0
8854	717	256	57	0
6881	834	256	5	0
7953	260	883	5	0
9168	481	256	41	0
84029	1139	256	5	0
34140	274	543	5	0
24725	249	256	32	0
20817	1329	256	5	0
21689	177	866	5	0
13514	317	256	36	0
12378	1591	256	5	0
11960	766	798	5	0
11886	390	256	42	0
8940	858	256	5	0
7789	249	865	5	0
6764	436	256	58	0
76281	1107	256	5	0
45126	223	389	5	0
33298	149	256	32	0
25077	1102	256	5	0
21626	394	691	5	0
13973	682	256	24	0
12704	1004	256	5	0
12973	592	653	5	0
10296	602	256	55	0
10324	1117	256	5	0
6436	772	583	5	0
8311	123	256	49	0
95825	1230	256	5	0
43848	328	609	5	0
27851	349	256	54	0
23559	911	256	5	0
20466	611	526	5	0
14637	346	256	50	0
14353	1171	256	5	0
9662	326	567	5	0
9441	314	256	52	0
8003	826	256	5	0
8009	141	744	5	0
8618	589	256	50	0
100820	1443	256	5	0
51813	129	450	5	0
36064	168	256	46	0
17482	970	256	5	0
19470	139	870	5	0
14145	506	256	21	0
15113	994	256	5	0
12345	111	795	5	0
9032	558	256	51	0
11114	1558	256	5	0
9847	193	880	5	0
7944	265	256	46	0
93379	1501	256	5	0
49747	386	829	5	0
32981	479	256	38	0
23149	904	256	5	0
13642	138	842	5	0
11816	266	256	25	0
13112	1224	256	5	0
12376	536	470	5	0
9149	287	256	48	0
7372	998	256	5	0
7816	722	510	5	0
7817	606	256	48	0
71940	803	256	5	0
36376	708	667	5	0
36130	686	256	22	0
21765	996	256	5	0
15303	339	729	5	0
17515	185	256	46	0
12351	1437	256	5	0
11818	364	865	5	0
10638	404	256	59	0
9568	1502	256	5	0
9894	667	515	5	0
7492	278	256	45	0
91216	1365	256	5	0
56233	522	512	5	0
31656	163	256	40	0
20735	1575	256	5	0
16599	345	388	5	0
12863	241	256	34	0
11578	853	256	5	0
11799	468	600	5	0
8065	360	256	32	0
9341	1230	256	5	0
7144	244	852	5	0
8875	538	256	55	0
110524	1090	256	5	0
37542	401	788	5	0
30601	255	256	38	0
22894	1377	256	5	0
21097	486	781	5	0
18055	158	256	47	0
10316	1141	256	5	0
11637	795	783	5	0
10926	201	256	33	0
10977	1476	256	5	0
8267	759	421	5	0
7840	183	256	56	0
68697	1279	256	5	0
53280	236	597	5	0
24906	688	256	40	0
24280	1572	256	5	0
21506	278	891	5	0
13114	374	256	21	0
14841	1380	256	5	0
13871	138	389	5	0
11791	729	256	20	0
9014	1483	256	5	0
8967	380	612	5	0
8299	169	256	55	0
109454	1492	256	5	0
50400	736	663	5	0
37472	689	256	36	0
20613	1433	256	5	0
21748	735	666	5	0
16186	156	256	27	0
10871	1450	256	5	0
13742	553	458	5	0
7552	717	256	45	0
8804	1198	256	5	0
7645	515	756	5	0
5975	731	256	43	0
102834	1203	256	5	0
34116	316	699	5	0
36320	516	256	22	0
24569	800	256	5	0
16736	429	881	5	0
13520	603	256	45	0
9758	1408	256	5	0
9643	534	875	5	0
7985	424	256	26	0
10654	1429	256	5	0
6503	180	657	5	0
6240	390	256	43	0
110140	972	256	5	0
33937	119	602	5	0
33271	177	256	44	0
22219	866	256	5	0
17761	557	556	5	0
13811	798	256	25	0
10450	940	256	5	0
12024	224	701	5	0
10840	350	256	58	0
8333	970	256	5	0
9633	410	711	5	0
7358	239	256	30	0
86862	1125	256	5	0
34585	420	780	5	0
26240	445	256	26	0
23336	1054	256	5	0
21783	316	782	5	0
11880	717	256	56	0
13951	1100	256	5	0
8597	400	868	5	0
10331	323	256	25	0
7689	916	256	5	0
6597	319	444	5	0
8267	365	256	34	0
75251	848	256	5	0
51344	126	561	5	0
27475	307	256	42	0
26680	800	256	5	0
17041	718	783	5	0
16408	385	256	43	0
15314	1231	256	5	0
9308	117	702	5	0
11747	525	256	50	0
9044	1293	256	5	0
10111	754	440	5	0
6270	411	256	29	0
101955	1071	256	5	0
36593	379	785	5	0
23878	712	256	31	0
20201	1324	256	5	0
15420	504	784	5	0
11670	793	256	30	0
14496	1219	256	5	0
10095	605	743	5	0
9366	668	256	20	0
7018	1082	256	5	0
7745	339	737	5	0
8061	563	256	33	0
106917	846	256	5	0
47147	100	745	5	0
24178	744	256	40	0
23034	1381	256	5	0
17578	743	669	5	0
15695	767	256	32	0
15180	1435	256	5	0
12638	749	851	5	0
7696	527	256	52	0
10022	1054	256	5	0
8356	214	842	5	0
7348	563	256	39	0
105130	1037	256	5	0
51098	261	516	5	0
35521	388	256	30	0
18774	1551	256	5	0
19573	205	759	5	0
15590	575	256	38	0
10280	1460	256	5	0
8445	235	422	5	0
9172	513	256	52	0
10480	1526	256	5	0
7985	575	739	5	0
6831	269	256	47	0
103173	1082	256	5	0
37962	369	464	5	0
35491	295	256	22	0
21636	884	256	5	0
19315	283	855	5	0
12050	267	256	47	0
10699	1529	256	5	0
12710	494	804	5	0
10330	307	256	59	0
10858	923	256	5	0
8626	604	610	5	0
6613	379	256	21	0
84953	1508	256	5	0
54369	428	811	5	0
36631	690	256	50	0
18703	836	256	5	0
22160	349	731	5	0
12235	569	256	52	0
14946	1050	256	5	0
11685	547	386	5	0
7662	510	256	30	0
9081	971	256	5	0
8007	671	728	5	0
8701	378	256	24	0
87012	893	256	5	0
50099	518	835	5	0
28053	564	256	31	0
22263	996	256	5	0
19863	108	857	5	0
13676	550	256	47	0
12998	1316	256	5	0
12587	517	581	5	0
8930	178	256	57	0
7229	1478	256	5	0
8838	533	830	5	0
7723	379	256	47	0
76774	1070	256	5	0
44424	542	868	5	0
36458	646	256	48	0
25298	1366	256	5	0
19430	546	509	5	0
17621	223	256	42	0
11168	838	256	5	0
8586	620	638	5	0
11884	268	256	32	0
7761	1556	256	5	0
8696	458	519	5	0
8907	111	256	57	0
70027	1453	256	5	0
51384	450	590	5	0
23135	694	256	50	0
26223	1393	256	5	0
20387	136	565	5	0
18091	486	256	22	0
15744	1484	256	5	0
13016	582	538	5	0
11390	399	256	52	0
7664	968	256	5	0
6205	259	849	5	0
8443	434	256	28	0
83980	808	256	5	0
36587	783	716	5	0
23342	327	256	33	0
21255	1318	256	5	0
18824	786	440	5	0
12131	253	256	31	0
12748	1016	256	5	0
9762	296	888	5	0
9435	633	256	33	0
9621	1108	256	5	0
10106	535	439	5	0
8637	622	256	46	0
98894	814	256	5	0
54655	417	655	5	0
24505	276	256	56	0
21588	1038	256	5	0
19097	694	692	5	0
15532	659	256	33	0
14166	827	256	5	0
11482	178	665	5	0
8398	317	256	39	0
10414	1122	256	5	0
6820	575	843	5	0
8391	123	256	26	0
104772	1034	256	5	0
40362	179	550	5	0
33618	442	256	22	0
27180	1290	256	5	0
17701	173	502	5	0
18696	412	256	36	0
13037	1169	256	5	0
13824	742	399	5	0
9397	632	256	31	0
8763	1471	256	5	0
9227	710	796	5	0
8398	266	256	29	0
83247	1006	256	5	0
37114	240	795	5	0
34019	197	256	54	0
23390	1115	256	5	0
21728	558	665	5	0
16348	310	256	49	0
11089	967	256	5	0
13287	401	819	5	0
12025	753	256	55	0
8251	1345	256	5	0
7259	322	705	5	0
6244	760	256	52	0
72580	1412	256	5	0
41280	371	413	5	0
34926	354	256	28	0
20334	925	256	5	0
13576	204	681	5	0
17337	638	256	31	0
14839	1456	256	5	0
8929	640	678	5	0
9033	144	256	33	0
9902	811	256	5	0
7398	173	403	5	0
6915	110	256	32	0
106468	1569	256	5	0
54932	607	835	5	0
26120	352	256	43	0
17315	1089	256	5	0
13600	707	648	5	0
13424	589	256	59	0
15144	1094	256	5	0
11262	789	397	5	0
8054	428	256	44	0
9522	862	256	5	0
7292	328	797	5	0
6946	286	256	31	0
94510	1155	256	5	0
51391	638	702	5	0
26507	775	256	47	0
26873	1009	256	5	0
17058	492	538	5	0
18114	157	256	39	0
11393	1330	256	5	0
12621	251	793	5	0
11033	112	256	54	0
10776	1319	256	5	0
8311	693	465	5	0
7102	165	256	33	0
76555	1053	256	5	0
38689	664	453	5	0
35309	467	256	34	0
27193	1422	256	5	0
14367	170	443	5	0
14493	143	256	46	0
11826	987	256	5	0
10292	614	432	5	0
10787	450	256	25	0
9158	1304	256	5	0
9980	261	733	5	0
5860	766	256	43	0
86890	921	256	5	0
47330	379	433	5	0
33814	287	256	36	0
17073	1145	256	5	0
20668	194	713	5	0
15485	473	256	30	0
10710	879	256	5	0
13398	513	737	5	0
11583	218	256	59	0
8529	1445	256	5	0
7231	447	412	5	0
8393	283	256	55	0
99269	1220	256	5	0
39166	174	590	5	0
24920	239	256	53	0
23680	1280	256	5	0
20164	463	743	5	0
17180	369	256	23	0
14565	1200	256	5	0
10733	136	793	5	0
12357	225	256	49	0
10816	833	256	5	0
6326	265	399	5	0
6018	618	256	22	0
74771	1207	256	5	0
54294	208	411	5	0
37469	406	256	44	0
26658	884	256	5	0
16149	199	811	5	0
12075	785	256	37	0
12620	1318	256	5	0
12360	551	598	5	0
9101	588	256	49	0
8392	1225	256	5	0
6690	345	714	5	0
7907	734	256	43	0
88261	1387	256	5	0
43049	305	758	5	0
26353	626	256	58	0
18187	1330	256	5	0
16248	206	457	5	0
14284	741	256	46	0
13564	850	256	5	0
9233	323	406	5	0
11272	437	256	44	0
10278	1450	256	5	0
7251	267	699	5	0
8415	346	256	37	0
85226	1409	256	5	0
54800	544	667	5	0
31616	211	256	54	0
25443	1147	256	5	0
19609	280	596	5	0
14279	162	256	31	0
12298	1283	256	5	0
13857	785	696	5	0
8973	629	256	55	0
11213	1261	256	5	0
6973	436	652	5	0
8561	465	256	22	0
96276	1028	256	5	0
54514	221	453	5	0
34194	278	256	44	0
27325	814	256	5	0
15374	282	762	5	0
12914	329	256	42	0
13083	1329	256	5	0
9055	106	599	5	0
8774	194	256	56	0
7098	1304	256	5	0
8033	186	429	5	0
5950	739	256	53	0
96831	1212	256	5	0
53120	396	849	5	0
24736	476	256	34	0
24774	986	256	5	0
19557	287	785	5	0
11328	535	256	35	0
9967	1050	256	5	0
12815	598	394	5	0
8444	566	256	44	0
7913	1396	256	5	0
9589	556	485	5	0
9188	309	256	46	0
84244	1121	256	5	0
42407	292	769	5	0
34706	524	256	39	0
23077	1429	256	5	0
21153	509	420	5	0
15062	705	256	49	0
10026	1548	256	5	0
13901	314	518	5	0
10986	197	256	23	0
8375	1301	256	5	0
9371	781	456	5	0
8853	188	256	23	0
99176	1438	256	5	0
40760	118	700	5	0
34219	475	256	23	0
20467	1323	256	5	0
18460	582	691	5	0
16375	490	256	23	0
11698	1525	256	5	0
13719	379	664	5	0
10332	340	256	51	0
8267	926	256	5	0
7531	696	888	5	0
8790	524	256	54	0
99770	962	256	5	0
40001	707	407	5	0
36081	149	256	55	0
24376	930	256	5	0
16339	501	653	5	0
17667	765	256	38	0
14891	1000	256	5	0
13381	705	413	5	0
7781	340	256	24	0
8677	1033	256	5	0
7029	344	711	5	0
8765	476	256	21	0
87551	1311	256	5	0
44431	170	652	5	0
35084	743	256	45	0
27998	1091	256	5	0
17929	325	581	5	0
14348	781	256	41	0
12071	875	256	5	0
12599	163	634	5	0
9446	611	256	47	0
8802	836	256	5	0
8762	143	385	5	0
6752	639	256	36	0
84801	1300	256	5	0
48906	640	389	5	0
25449	771	256	35	0
20420	984	256	5	0
16388	103	824	5	0
18262	564	256	24	0
13207	962	256	5	0
13911	698	612	5	0
10615	556	256	46	0
8682	1019	256	5	0
6977	587	660	5	0
6939	614	256	51	0
74041	1224	256	5	0
51765	224	849	5	0
31570	379	256	50	0
22175	1397	256	5	0
16709	280	706	5	0
11748	561	256	26	0
10717	1452	256	5	0
10247	476	410	5	0
11409	620	256	38	0
9912	912	256	5	0
7029	305	591	5	0
6789	650	256	33	0
96093	843	256	5	0
52011	392	746	5	0
26141	686	256	25	0
23075	1255	256	5	0
16023	729	829	5	0
11396	446	256	47	0
12870	1167	256	5	0
11737	509	618	5	0
10083	762	256	50	0
8671	1180	256	5	0
6810	247	595	5	0
8014	776	256	51	0
101913	1110	256	5	0
37916	683	654	5	0
30879	424	256	32	0
20285	1440	256	5	0
21514	435	423	5	0
14652	544	256	40	0
15625	1479	256	5	0
9826	595	875	5	0
10889	391	256	49	0
7165	1031	256	5	0
6639	674	739	5	0
6180	182	256	42	0
107898	1289	256	5	0
52445	329	431	5	0
30013	151	256	30	0
26827	1132	256	5	0
20807	455	762	5	0
13406	421	256	57	0
15803	1481	256	5	0
9278	522	492	5	0
8699	327	256	43	0
9662	1277	256	5	0
6651	747	507	5	0
5794	100	256	58	0
105016	1566	256	5	0
44624	376	696	5	0
34630	642	256	26	0
27415	1133	256	5	0
16855	530	705	5	0
11436	484	256	48	0
10198	1486	256	5	0
8511	685	651	5	0
10755	110	256	24	0
7137	1097	256	5	0
10035	279	522	5	0
6662	258	256	57	0
102624	1284	256	5	0
47845	418	460	5	0
27520	535	256	22	0
20232	1265	256	5	0
18782	397	470	5	0
11914	223	256	44	0
13594	1562	256	5	0
11741	474	821	5	0
10294	388	256	53	0
9675	1293	256	5	0
9208	204	621	5	0
6537	259	256	59	0
103237	1257	256	5	0
53897	541	681	5	0
36750	514	256	20	0
19999	1464	256	5	0
13920	102	465	5	0
12038	294	256	47	0
11607	963	256	5	0
13942	671	520	5	0
9242	192	256	50	0
9183	1513	256	5	0
6530	660	666	5	0
6508	625	256	54	0
83083	1016	256	5	0
34459	283	830	5	0
28103	440	256	35	0
23154	1223	256	5	0
15064	276	478	5	0
17920	563	256	47	0
10345	1089	256	5	0
8515	445	885	5	0
8738	556	256	31	0
10995	1408	256	5	0
7764	401	779	5	0
7495	473	256	34	0
105625	1238	256	5	0
36062	189	681	5	0
31617	270	256	23	0
23834	855	256	5	0
19291	405	418	5	0
15849	418	256	45	0
11923	1126	256	5	0
8500	441	709	5	0
11176	593	256	45	0
9179	1023	256	5	0
7896	572	867	5	0
9315	379	256	39	0
85682	873	256	5	0
38018	468	417	5	0
26791	385	256	59	0
18885	1460	256	5	0
17617	633	576	5	0
15608	735	256	54	0
14288	1088	256	5	0
12383	792	591	5	0
9761	306	256	51	0
10591	1174	256	5	0
6925	150	424	5	0
8706	252	256	21	0
76707	1136	256	5	0
41967	138	426	5	0
23491	183	256	35	0
19807	888	256	5	0
18717	663	527	5	0
11357	518	256	55	0
10917	1409	256	5	0
9549	449	465	5	0
12435	611	256	20	0
10998	1168	256	5	0
6252	445	803	5	0
6893	148	256	49	0
85854	1219	256	5	0
37184	721	498	5	0
37477	439	256	24	0
20130	959	256	5	0
14663	235	730	5	0
14582	107	256	52	0
11406	853	256	5	0
10110	793	420	5	0
