86676 1294  256  5 0 
55117 686  823  5 0 
31086 116  256  37 0 
17131 891  256  5 0 
17210 176  408  5 0 
16199 136  256  54 0 
14989 1448  256  5 0 
12914 162  825  5 0 
10456 680  256  34 0 
8019 1402  256  5 0 
6846 466  521  5 0 
6965 147  256  43 0 
70081 1537  256  5 0 
42190 661  639  5 0 
28660 549  256  53 0 
25818 908  256  5 0 
18463 460  622  5 0 
12363 357  256  33 0 
16069 862  256  5 0 
11685 117  469  5 0 
8337 112  256  26 0 
7061 825  256  5 0 
10211 117  769  5 0 
9004 788  256  52 0 
89538 1515  256  5 0 
35165 258  494  5 0 
27925 592  256  35 0 
25434 1299  256  5 0 
18733 133  831  5 0 
13328 514  256  31 0 
11482 842  256  5 0 
8673 367  530  5 0 
8449 453  256  20 0 
10041 840  256  5 0 
7568 715  764  5 0 
8254 472  256  43 0 
85670 984  256  5 0 
34050 183  889  5 0 
29935 507  256  49 0 
20591 1092  256  5 0 
16585 706  420  5 0 
16292 483  256  45 0 
13037 1275  256  5 0 
13542 149  743  5 0 
9892 511  256  27 0 
10736 902  256  5 0 
9753 439  693  5 0 
7725 598  256  56 0 
109992 1009  256  5 0 
41939 320  812  5 0 
27738 231  256  34 0 
19438 853  256  5 0 
14957 256  852  5 0 
16496 222  256  20 0 
12603 1190  256  5 0 
14045 325  460  5 0 
8106 708  256  27 0 
9139 1275  256  5 0 
9058 508  838  5 0 
7353 730  256  21 0 
78573 1410  256  5 0 
38792 733  414  5 0 
27111 578  256  52 0 
18878 1441  256  5 0 
14753 774  441  5 0 
18531 771  256  53 0 
15318 1037  256  5 0 
13739 399  724  5 0 
10834 751  256  56 0 
7037 1485  256  5 0 
6169 210  869  5 0 
6272 198  256  49 0 
107716 1206  256  5 0 
39491 102  618  5 0 
27143 136  256  47 0 
17458 1091  256  5 0 
19190 184  881  5 0 
12755 265  256  41 0 
14671 1256  256  5 0 
10907 732  595  5 0 
10803 261  256  55 0 
10112 1291  256  5 0 
6652 782  660  5 0 
6452 179  256  49 0 
94112 1396  256  5 0 
39654 373  400  5 0 
23974 251  256  28 0 
20229 1408  256  5 0 
19941 474  562  5 0 
13961 676  256  45 0 
14936 978  256  5 0 
12880 225  400  5 0 
10111 436  256  58 0 
9211 1530  256  5 0 
9482 468  519  5 0 
8521 197  256  29 0 
81646 1202  256  5 0 
35063 660  462  5 0 
34492 544  256  39 0 
26930 1536  256  5 0 
14038 681  865  5 0 
16326 151  256  57 0 
10575 830  256  5 0 
8547 309  556  5 0 
7818 466  256  42 0 
10861 1355  256  5 0 
6722 503  575  5 0 
6399 355  256  20 0 
102651 1383  256  5 0 
52088 146  851  5 0 
35403 174  256  22 0 
23630 1214  256  5 0 
17292 514  612  5 0 
12085 293  256  31 0 
13934 1223  256  5 0 
13258 626  800  5 0 
12034 547  256  35 0 
10250 1514  256  5 0 
9464 402  860  5 0 
6869 431  256  20 0 
79985 996  256  5 0 
42060 656  627  5 0 
27548 381  256  32 0 
23184 1588  256  5 0 
16711 489  847  5 0 
17556 575  256  27 0 
13123 1564  256  5 0 
8798 273  824  5 0 
9120 264  256  57 0 
8635 886  256  5 0 
7335 158  442  5 0 
7224 163  256  51 0 
79091 844  256  5 0 
55360 138  555  5 0 
23994 229  256  57 0 
20791 892  256  5 0 
14094 596  817  5 0 
13833 761  256  35 0 
15860 921  256  5 0 
10610 420  595  5 0 
10857 643  256  23 0 
8694 807  256  5 0 
6780 271  773  5 0 
6873 290  256  46 0 
103161 933  256  5 0 
37435 675  611  5 0 
29198 579  256  45 0 
22578 1518  256  5 0 
19267 456  830  5 0 
14244 200  256  32 0 
13199 962  256  5 0 
10175 764  653  5 0 
11545 392  256  20 0 
6795 856  256  5 0 
7859 620  774  5 0 
5920 658  256  57 0 
73733 1277  256  5 0 
46757 409  525  5 0 
26690 160  256  41 0 
17911 905  256  5 0 
19971 624  834  5 0 
15434 321  256  32 0 
13818 989  256  5 0 
11821 500  819  5 0 
10399 176  256  24 0 
8073 1457  256  5 0 
10079 549  752  5 0 
8639 770  256  57 0 
98974 1336  256  5 0 
39329 505  671  5 0 
27550 167  256  58 0 
25770 959  256  5 0 
21635 229  623  5 0 
18545 557  256  56 0 
10963 1368  256  5 0 
8738 326  693  5 0 
8166 133  256  36 0 
9448 1579  256  5 0 
8667 660  681  5 0 
6701 370  256  38 0 
91430 1550  256  5 0 
34522 405  751  5 0 
23491 309  256  45 0 
19213 1111  256  5 0 
14525 494  551  5 0 
17056 139  256  49 0 
13830 1405  256  5 0 
8732 329  771  5 0 
11630 161  256  28 0 
8421 1258  256  5 0 
7749 602  399  5 0 
7301 106  256  54 0 
81370 1593  256  5 0 
39924 765  464  5 0 
27225 649  256  21 0 
22723 1441  256  5 0 
18289 737  875  5 0 
18263 773  256  52 0 
11367 1533  256  5 0 
12894 285  429  5 0 
8068 197  256  53 0 
10911 1146  256  5 0 
8431 733  801  5 0 
6533 180  256  46 0 
109853 1208  256  5 0 
36993 584  460  5 0 
23626 322  256  37 0 
26289 876  256  5 0 
16826 298  421  5 0 
15811 739  256  59 0 
11971 1598  256  5 0 
11658 679  754  5 0 
10035 367  256  47 0 
9445 1472  256  5 0 
8786 514  503  5 0 
7387 221  256  53 0 
97210 1026  256  5 0 
33932 534  606  5 0 
26600 740  256  57 0 
23389 1192  256  5 0 
17919 209  414  5 0 
13788 290  256  36 0 
9916 819  256  5 0 
10031 526  795  5 0 
10705 397  256  43 0 
11004 1121  256  5 0 
7269 679  603  5 0 
5788 457  256  54 0 
80699 1299  256  5 0 
56024 750  880  5 0 
26690 538  256  36 0 
26446 1355  256  5 0 
16499 578  663  5 0 
14614 238  256  44 0 
15570 845  256  5 0 
12015 317  387  5 0 
8023 675  256  46 0 
10195 1294  256  5 0 
9810 102  831  5 0 
6467 183  256  40 0 
112095 1558  256  5 0 
47469 640  496  5 0 
34554 215  256  44 0 
22422 1198  256  5 0 
18424 236  816  5 0 
12943 554  256  44 0 
14293 1355  256  5 0 
12712 468  776  5 0 
11516 540  256  32 0 
10344 1570  256  5 0 
8949 798  495  5 0 
7096 245  256  43 0 
71214 818  256  5 0 
49303 617  850  5 0 
22797 294  256  56 0 
22550 984  256  5 0 
14098 510  830  5 0 
16027 564  256  45 0 
10577 1547  256  5 0 
13402 394  569  5 0 
8791 501  256  39 0 
10733 1157  256  5 0 
10086 399  400  5 0 
7186 276  256  44 0 
73239 1379  256  5 0 
52013 468  667  5 0 
26532 207  256  44 0 
26314 1540  256  5 0 
15948 289  552  5 0 
17956 594  256  46 0 
12996 1127  256  5 0 
11753 166  411  5 0 
8124 480  256  31 0 
8139 1372  256  5 0 
7884 503  586  5 0 
6862 219  256  52 0 
71549 933  256  5 0 
55737 798  528  5 0 
36396 413  256  31 0 
22892 1588  256  5 0 
18291 436  565  5 0 
14186 739  256  55 0 
13307 1245  256  5 0 
11879 233  401  5 0 
11242 769  256  56 0 
7823 1329  256  5 0 
8126 697  882  5 0 
8933 468  256  51 0 
100041 1331  256  5 0 
55603 574  721  5 0 
26651 189  256  40 0 
21465 1106  256  5 0 
20390 207  500  5 0 
15609 261  256  57 0 
13878 937  256  5 0 
9827 584  727  5 0 
11994 345  256  43 0 
10811 1510  256  5 0 
8883 135  874  5 0 
5822 324  256  21 0 
102732 1293  256  5 0 
54626 373  387  5 0 
27150 296  256  30 0 
27960 1577  256  5 0 
15369 658  465  5 0 
14591 753  256  41 0 
13652 1041  256  5 0 
8862 402  625  5 0 
7966 633  256  53 0 
7968 1205  256  5 0 
9887 644  783  5 0 
6957 568  256  52 0 
89887 880  256  5 0 
39726 273  806  5 0 
35881 713  256  33 0 
18932 1010  256  5 0 
19391 591  830  5 0 
17157 145  256  43 0 
11129 1024  256  5 0 
11525 479  689  5 0 
8537 424  256  43 0 
7903 841  256  5 0 
8391 108  589  5 0 
7985 248  256  23 0 
107704 1055  256  5 0 
34233 502  516  5 0 
26427 663  256  48 0 
20139 1558  256  5 0 
14376 762  450  5 0 
12024 287  256  44 0 
15318 1420  256  5 0 
12015 712  707  5 0 
8976 105  256  43 0 
8332 1471  256  5 0 
7831 229  563  5 0 
9324 453  256  47 0 
90406 851  256  5 0 
35981 586  489  5 0 
34199 202  256  22 0 
21717 1366  256  5 0 
20414 190  627  5 0 
14047 297  256  52 0 
10466 1182  256  5 0 
11964 382  888  5 0 
10638 590  256  26 0 
10080 1241  256  5 0 
6850 752  818  5 0 
6769 588  256  34 0 
109235 987  256  5 0 
42319 571  640  5 0 
24067 146  256  45 0 
21955 1525  256  5 0 
21513 514  473  5 0 
18534 525  256  42 0 
10554 1100  256  5 0 
12517 209  558  5 0 
11503 753  256  56 0 
10010 1504  256  5 0 
6628 731  552  5 0 
6101 579  256  30 0 
80018 1042  256  5 0 
37235 302  650  5 0 
27353 634  256  49 0 
17455 1102  256  5 0 
19937 205  693  5 0 
15005 242  256  31 0 
13408 1117  256  5 0 
10455 757  611  5 0 
8777 485  256  30 0 
10952 984  256  5 0 
8057 173  564  5 0 
9275 502  256  53 0 
92243 934  256  5 0 
42817 172  460  5 0 
26212 208  256  56 0 
20893 1388  256  5 0 
19385 574  869  5 0 
13288 324  256  54 0 
13129 1594  256  5 0 
8716 376  594  5 0 
12029 296  256  22 0 
8999 893  256  5 0 
9893 377  738  5 0 
8526 529  256  31 0 
72635 1481  256  5 0 
44760 579  739  5 0 
27788 360  256  56 0 
19763 844  256  5 0 
19401 167  585  5 0 
15779 510  256  53 0 
15286 1499  256  5 0 
10129 657  769  5 0 
8189 672  256  37 0 
8367 1363  256  5 0 
6765 146  717  5 0 
7975 708  256  58 0 
84921 1232  256  5 0 
36248 586  698  5 0 
37284 651  256  26 0 
27919 1016  256  5 0 
16572 712  744  5 0 
13806 615  256  41 0 
9779 1331  256  5 0 
12698 129  631  5 0 
8306 541  256  32 0 
7085 941  256  5 0 
10221 329  397  5 0 
8818 577  256  39 0 
109927 1085  256  5 0 
49375 615  424  5 0 
24288 240  256  58 0 
23301 1218  256  5 0 
17119 531  507  5 0 
12599 261  256  22 0 
13669 1463  256  5 0 
10482 274  809  5 0 
12286 645  256  42 0 
9561 1309  256  5 0 
9037 598  448  5 0 
7905 562  256  27 0 
107928 903  256  5 0 
45420 717  855  5 0 
31088 330  256  55 0 
17521 1407  256  5 0 
21761 242  644  5 0 
15870 423  256  21 0 
11419 1012  256  5 0 
9520 568  546  5 0 
8927 333  256  24 0 
10302 1334  256  5 0 
7688 235  619  5 0 
8085 774  256  27 0 
78775 1355  256  5 0 
35690 253  599  5 0 
23556 590  256  45 0 
17869 1441  256  5 0 
18380 755  578  5 0 
13189 736  256  44 0 
13857 1167  256  5 0 
12859 423  753  5 0 
8163 746  256  34 0 
7109 1493  256  5 0 
8761 402  775  5 0 
7327 176  256  59 0 
71087 981  256  5 0 
53627 514  650  5 0 
28820 470  256  46 0 
21247 1481  256  5 0 
18941 619  500  5 0 
18616 734  256  20 0 
10355 831  256  5 0 
10001 153  543  5 0 
10621 270  256  43 0 
7104 949  256  5 0 
6713 107  804  5 0 
8274 207  256  49 0 
92789 1045  256  5 0 
33792 552  606  5 0 
22988 156  256  52 0 
23682 1377  256  5 0 
17956 374  414  5 0 
11273 703  256  54 0 
12411 1212  256  5 0 
12039 420  504  5 0 
8924 350  256  22 0 
7233 921  256  5 0 
7765 222  459  5 0 
7172 238  256  37 0 
94473 1585  256  5 0 
37909 711  756  5 0 
22853 437  256  20 0 
24069 1128  256  5 0 
22144 200  449  5 0 
13824 315  256  32 0 
9794 1498  256  5 0 
12647 690  784  5 0 
12457 366  256  39 0 
10239 1140  256  5 0 
10141 427  571  5 0 
6931 342  256  21 0 
89781 1400  256  5 0 
37549 739  617  5 0 
31963 323  256  59 0 
27250 1308  256  5 0 
13627 771  651  5 0 
18116 186  256  41 0 
10533 901  256  5 0 
13700 471  706  5 0 
7581 262  256  23 0 
7223 1522  256  5 0 
9822 729  604  5 0 
7165 776  256  32 0 
102091 1239  256  5 0 
33965 210  888  5 0 
24603 109  256  32 0 
18631 1557  256  5 0 
21489 627  464  5 0 
16754 292  256  40 0 
12216 1536  256  5 0 
9449 155  586  5 0 
8019 165  256  30 0 
8259 1248  256  5 0 
10094 403  510  5 0 
7967 106  256  38 0 
101599 1584  256  5 0 
45111 791  479  5 0 
37276 273  256  27 0 
21542 1148  256  5 0 
21134 789  447  5 0 
14124 684  256  37 0 
9754 899  256  5 0 
12688 762  691  5 0 
12131 542  256  42 0 
10187 976  256  5 0 
6189 475  533  5 0 
8792 397  256  37 0 
87608 1408  256  5 0 
41130 673  730  5 0 
28070 302  256  44 0 
26633 984  256  5 0 
13649 290  774  5 0 
11811 564  256  41 0 
14480 1076  256  5 0 
11237 214  409  5 0 
10021 686  256  28 0 
7971 1537  256  5 0 
8477 250  415  5 0 
6294 149  256  48 0 
109079 1360  256  5 0 
49251 243  894  5 0 
29737 370  256  41 0 
18186 1347  256  5 0 
19877 344  697  5 0 
14892 573  256  31 0 
11553 1295  256  5 0 
12367 221  658  5 0 
10760 292  256  30 0 
9509 1286  256  5 0 
8831 268  873  5 0 
5921 287  256  55 0 
100009 988  256  5 0 
43719 240  417  5 0 
23638 647  256  56 0 
21617 824  256  5 0 
20038 430  697  5 0 
16710 493  256  21 0 
11947 1009  256  5 0 
11251 470  523  5 0 
10029 143  256  57 0 
7078 1154  256  5 0 
7566 766  719  5 0 
6678 377  256  57 0 
82231 1485  256  5 0 
38579 261  701  5 0 
36867 569  256  22 0 
25148 1224  256  5 0 
17649 301  466  5 0 
17961 642  256  24 0 
14642 805  256  5 0 
9625 714  637  5 0 
8140 437  256  44 0 
9547 1269  256  5 0 
9255 251  529  5 0 
9334 189  256  36 0 
69012 1478  256  5 0 
43857 720  611  5 0 
26421 776  256  42 0 
25102 1241  256  5 0 
18127 316  651  5 0 
12043 539  256  46 0 
12685 1297  256  5 0 
8813 475  396  5 0 
7652 418  256  36 0 
8696 1289  256  5 0 
9259 101  777  5 0 
8293 177  256  32 0 
79398 1386  256  5 0 
51993 576  872  5 0 
30001 575  256  23 0 
24004 1453  256  5 0 
18086 566  450  5 0 
18129 426  256  49 0 
14779 865  256  5 0 
10887 503  385  5 0 
10385 498  256  38 0 
11133 1486  256  5 0 
6220 741  644  5 0 
9197 192  256  25 0 
98052 1215  256  5 0 
50952 682  664  5 0 
31451 446  256  57 0 
22141 1317  256  5 0 
21075 554  502  5 0 
17753 378  256  44 0 
11317 912  256  5 0 
13998 165  761  5 0 
9255 444  256  20 0 
11244 835  256  5 0 
7578 310  853  5 0 
7541 123  256  31 0 
87801 1212  256  5 0 
51354 583  495  5 0 
26115 219  256  30 0 
22775 947  256  5 0 
20484 609  680  5 0 
14865 609  256  42 0 
12188 1388  256  5 0 
13122 151  698  5 0 
7833 400  256  32 0 
10838 1296  256  5 0 
6956 470  857  5 0 
6147 366  256  43 0 
101636 1404  256  5 0 
48303 490  551  5 0 
36619 328  256  43 0 
25612 1336  256  5 0 
15052 520  640  5 0 
13495 247  256  40 0 
13912 1321  256  5 0 
10381 474  773  5 0 
7589 128  256  56 0 
11214 1013  256  5 0 
8580 770  668  5 0 
7375 134  256  33 0 
106783 1000  256  5 0 
51391 579  780  5 0 
23008 203  256  40 0 
21352 1206  256  5 0 
19866 749  684  5 0 
13296 140  256  47 0 
14432 1118  256  5 0 
9659 128  879  5 0 
10613 752  256  41 0 
7441 945  256  5 0 
6856 184  670  5 0 
9264 754  256  27 0 
73797 1312  256  5 0 
56117 315  434  5 0 
29426 733  256  26 0 
24118 1016  256  5 0 
15717 523  799  5 0 
11270 795  256  56 0 
15859 1215  256  5 0 
13975 772  486  5 0 
9226 150  256  40 0 
10135 1058  256  5 0 
10099 533  631  5 0 
7457 484  256  32 0 
99926 1264  256  5 0 
43294 470  455  5 0 
35185 218  256  50 0 
25301 1434  256  5 0 
16412 340  796  5 0 
16901 389  256  39 0 
13184 835  256  5 0 
11757 603  561  5 0 
11654 586  256  22 0 
10400 1529  256  5 0 
9738 525  709  5 0 
9222 533  256  59 0 
67540 1152  256  5 0 
51169 192  859  5 0 
33127 207  256  51 0 
18228 931  256  5 0 
14041 298  774  5 0 
17548 444  256  32 0 
14860 1499  256  5 0 
10482 476  856  5 0 
12029 102  256  46 0 
10255 1157  256  5 0 
6940 126  679  5 0 
7939 613  256  58 0 
97478 1126  256  5 0 
47427 324  564  5 0 
33628 545  256  25 0 
25622 1087  256  5 0 
14026 584  531  5 0 
14986 401  256  41 0 
14293 840  256  5 0 
8636 613  528  5 0 
9786 571  256  39 0 
9085 1413  256  5 0 
7096 518  689  5 0 
6227 474  256  58 0 
81452 1125  256  5 0 
40401 340  694  5 0 
27524 274  256  30 0 
25700 1258  256  5 0 
15959 724  645  5 0 
18482 471  256  31 0 
14572 977  256  5 0 
8519 347  793  5 0 
9697 371  256  30 0 
10970 1307  256  5 0 
9188 773  778  5 0 
5968 670  256  24 0 
97827 933  256  5 0 
45000 731  501  5 0 
33590 504  256  36 0 
18708 1144  256  5 0 
21636 441  541  5 0 
15515 694  256  27 0 
9893 979  256  5 0 
10802 344  457  5 0 
9272 418  256  36 0 
10497 1157  256  5 0 
9926 589  580  5 0 
6180 294  256  29 0 
98758 818  256  5 0 
36150 735  429  5 0 
26759 582  256  31 0 
17915 1349  256  5 0 
22497 662  440  5 0 
14163 465  256  31 0 
10483 931  256  5 0 
11090 204  485  5 0 
12415 279  256  22 0 
8323 1599  256  5 0 
9101 785  595  5 0 
9333 105  256  21 0 
79457 1186  256  5 0 
36995 185  575  5 0 
31570 576  256  23 0 
21620 1101  256  5 0 
22146 365  442  5 0 
12903 502  256  53 0 
10774 1537  256  5 0 
13720 240  879  5 0 
9669 638  256  35 0 
9709 1573  256  5 0 
7486 793  587  5 0 
8257 278  256  50 0 
96660 1011  256  5 0 
35380 718  786  5 0 
26446 618  256  22 0 
26156 1537  256  5 0 
14958 393  678  5 0 
18663 506  256  24 0 
15098 1492  256  5 0 
13269 198  474  5 0 
8645 146  256  50 0 
10446 1410  256  5 0 
8214 157  862  5 0 
7875 510  256  29 0 
92591 1563  256  5 0 
45033 199  739  5 0 
25785 439  256  22 0 
23931 1239  256  5 0 
13849 731  787  5 0 
13480 387  256  44 0 
15636 1360  256  5 0 
9274 620  699  5 0 
7663 100  256  59 0 
10600 1496  256  5 0 
6205 308  577  5 0 
8608 653  256  24 0 
87873 1546  256  5 0 
46313 195  866  5 0 
22730 120  256  49 0 
25359 1109  256  5 0 
20106 143  435  5 0 
16193 349  256  30 0 
12170 1159  256  5 0 
12930 548  447  5 0 
11501 721  256  21 0 
9925 1444  256  5 0 
9357 368  459  5 0 
5831 774  256  45 0 
109741 968  256  5 0 
33770 413  517  5 0 
36251 676  256  23 0 
27260 1354  256  5 0 
17606 525  729  5 0 
11647 315  256  57 0 
10959 1568  256  5 0 
9989 655  862  5 0 
9655 129  256  44 0 
8754 1109  256  5 0 
8685 379  706  5 0 
6551 356  256  24 0 
71225 1568  256  5 0 
49912 728  671  5 0 
31864 208  256  25 0 
17272 1445  256  5 0 
21303 452  437  5 0 
16892 779  256  22 0 
15693 1022  256  5 0 
10202 348  520  5 0 
10190 578  256  50 0 
10561 1484  256  5 0 
6165 210  541  5 0 
7041 199  256  51 0 
88576 1565  256  5 0 
49352 126  778  5 0 
36247 581  256  33 0 
19164 1126  256  5 0 
14981 171  842  5 0 
14045 524  256  24 0 
15843 1103  256  5 0 
8513 387  495  5 0 
9268 320  256  48 0 
8181 1306  256  5 0 
6806 754  736  5 0 
5938 407  256  39 0 
94310 956  256  5 0 
45495 560  504  5 0 
26412 623  256  48 0 
20674 1442  256  5 0 
16710 516  532  5 0 
13182 414  256  28 0 
12625 1497  256  5 0 
8632 472  722  5 0 
8678 217  256  25 0 
9617 1585  256  5 0 
10078 287  414  5 0 
6421 150  256  45 0 
96158 1022  256  5 0 
36272 160  890  5 0 
23411 258  256  31 0 
27290 991  256  5 0 
13636 610  677  5 0 
14694 717  256  27 0 
12260 1519  256  5 0 
9502 482  809  5 0 
7852 313  256  31 0 
7505 1115  256  5 0 
8703 608  637  5 0 
8055 380  256  22 0 
85392 1295  256  5 0 
51538 271  384  5 0 
36574 423  256  33 0 
22516 1352  256  5 0 
21549 535  718  5 0 
17684 310  256  35 0 
13196 1421  256  5 0 
8651 324  610  5 0 
7935 525  256  34 0 
9742 1059  256  5 0 
8613 364  658  5 0 
7948 139  256  48 0 
80753 1455  256  5 0 
49885 227  388  5 0 
22833 642  256  24 0 
21489 1032  256  5 0 
15855 656  497  5 0 
15350 205  256  33 0 
12649 1047  256  5 0 
10300 511  436  5 0 
12343 117  256  20 0 
10689 877  256  5 0 
9769 585  627  5 0 
8660 461  256  22 0 
75114 1358  256  5 0 
35047 235  542  5 0 
27132 607  256  29 0 
25455 1057  256  5 0 
18162 766  446  5 0 
15543 568  256  22 0 
15789 1083  256  5 0 
13136 556  419  5 0 
7639 518  256  35 0 
10742 1002  256  5 0 
9740 311  842  5 0 
6996 772  256  29 0 
107030 1266  256  5 0 
44930 338  486  5 0 
34373 251  256  24 0 
27558 803  256  5 0 
19051 781  890  5 0 
14736 255  256  34 0 
15053 1052  256  5 0 
9480 442  554  5 0 
9842 369  256  33 0 
7038 1522  256  5 0 
8157 548  846  5 0 
5955 228  256  47 0 
80198 862  256  5 0 
55314 176  650  5 0 
26708 662  256  33 0 
20522 1041  256  5 0 
21210 621  811  5 0 
13570 384  256  43 0 
14572 963  256  5 0 
9293 655  584  5 0 
9006 453  256  47 0 
8289 863  256  5 0 
6251 292  447  5 0 
7096 296  256  35 0 
103390 1551  256  5 0 
45399 733  836  5 0 
24380 531  256  34 0 
22682 1539  256  5 0 
17427 209  872  5 0 
12772 365  256  42 0 
12079 1222  256  5 0 
10104 249  872  5 0 
9276 703  256  48 0 
8326 1394  256  5 0 
8156 114  729  5 0 
7192 563  256  44 0 
97610 1272  256  5 0 
45011 545  576  5 0 
24069 563  256  47 0 
19235 1434  256  5 0 
16662 726  775  5 0 
14999 598  256  34 0 
15177 1526  256  5 0 
13732 414  500  5 0 
11540 737  256  25 0 
9761 1415  256  5 0 
9156 498  405  5 0 
8498 580  256  59 0 
72466 1384  256  5 0 
48461 159  765  5 0 
32836 423  256  55 0 
17881 1437  256  5 0 
18027 761  826  5 0 
11306 460  256  47 0 
14825 1495  256  5 0 
13689 666  675  5 0 
11355 392  256  42 0 
9194 1443  256  5 0 
8973 170  457  5 0 
9022 393  256  25 0 
88663 860  256  5 0 
44142 356  881  5 0 
24410 351  256  34 0 
26094 988  256  5 0 
13989 210  712  5 0 
17738 432  256  29 0 
12768 1549  256  5 0 
10295 145  390  5 0 
8006 612  256  45 0 
10421 1481  256  5 0 
7464 749  432  5 0 
8815 753  256  55 0 
93310 1038  256  5 0 
43530 789  623  5 0 
32117 239  256  53 0 
23347 1167  256  5 0 
20649 607  750  5 0 
11903 201  256  53 0 
11095 1300  256  5 0 
10965 144  651  5 0 
8900 173  256  39 0 
6845 898  256  5 0 
8609 437  737  5 0 
9372 493  256  50 0 
86084 885  256  5 0 
47281 387  720  5 0 
35970 250  256  28 0 
24182 1054  256  5 0 
16984 338  399  5 0 
17857 365  256  25 0 
11409 1308  256  5 0 
13008 710  578  5 0 
10217 565  256  42 0 
7324 1425  256  5 0 
6658 310  891  5 0 
8336 179  256  58 0 
72831 1526  256  5 0 
36485 165  466  5 0 
34588 434  256  39 0 
24951 1522  256  5 0 
13868 438  439  5 0 
13046 394  256  28 0 
12654 1144  256  5 0 
8533 547  467  5 0 
12121 606  256  38 0 
8337 1287  256  5 0 
9025 751  706  5 0 
7882 297  256  51 0 
71923 1542  256  5 0 
45473 105  450  5 0 
34287 366  256  53 0 
22107 1253  256  5 0 
15287 345  741  5 0 
17467 207  256  33 0 
9997 1517  256  5 0 
11952 517  597  5 0 
11731 251  256  51 0 
8033 1143  256  5 0 
9718 169  424  5 0 
7555 472  256  27 0 
112389 829  256  5 0 
47657 686  615  5 0 
30769 602  256  51 0 
23557 1087  256  5 0 
18121 483  678  5 0 
11459 344  256  52 0 
14507 1013  256  5 0 
14062 726  749  5 0 
7955 523  256  53 0 
8986 1306  256  5 0 
8955 772  779  5 0 
8276 266  256  33 0 
83537 1498  256  5 0 
46140 706  850  5 0 
36451 619  256  49 0 
21991 1374  256  5 0 
