78889	824	256	5	0
37612	127	702	5	0
29841	722	256	52	0
20303	1006	256	5	0
21775	563	533	5	0
14112	715	256	23	0
12323	1311	256	5	0
13306	120	668	5	0
10777	569	256	42	0
7687	1101	256	5	0
9335	469	718	5	0
9318	159	256	49	0
74756	958	256	5	0
41620	585	737	5	0
28732	537	256	23	0
25265	1234	256	5	0
15149	699	541	5	0
12273	768	256	26	0
14083	1381	256	5	0
10899	422	447	5	0
9291	392	256	37	0
9108	1352	256	5	0
9211	228	409	5	0
8829	567	256	53	0
102680	802	256	5	0
43326	491	737	5	0
23876	169	256	39	0
22286	913	256	5	0
13706	287	592	5	0
18126	514	256	39	0
12959	1128	256	5	0
8491	361	769	5	0
9824	118	256	31	0
9128	1062	256	5	0
6338	282	726	5	0
6140	661	256	28	0
75047	914	256	5	0
35987	781	449	5	0
33861	473	256	27	0
18770	1599	256	5	0
13585	697	474	5	0
18131	682	256	56	0
13551	1423	256	5	0
13539	727	636	5	0
9611	287	256	23	0
8635	917	256	5	0
7603	165	476	5	0
7170	375	256	25	0
103394	1228	256	5	0
44831	558	633	5	0
