82222 1017  256  5 0 
49445 160  722  5 0 
30698 173  256  59 0 
23868 983  256  5 0 
18953 768  648  5 0 
17510 570  256  51 0 
11666 1496  256  5 0 
8728 157  470  5 0 
11678 295  256  56 0 
8191 984  256  5 0 
7573 138  734  5 0 
7242 165  256  24 0 
103539 861  256  5 0 
55746 393  602  5 0 
26697 109  256  30 0 
19081 1402  256  5 0 
17384 107  805  5 0 
18518 454  256  31 0 
15233 1313  256  5 0 
13173 665  733  5 0 
11130 306  256  28 0 
10154 1566  256  5 0 
9758 444  750  5 0 
6940 128  256  52 0 
106563 1164  256  5 0 
48770 774  385  5 0 
35272 324  256  39 0 
23858 1532  256  5 0 
16533 358  881  5 0 
14011 458  256  35 0 
10699 1380  256  5 0 
9918 295  532  5 0 
10205 494  256  54 0 
7393 1550  256  5 0 
6711 103  707  5 0 
9252 614  256  26 0 
109090 899  256  5 0 
48766 738  685  5 0 
31514 213  256  48 0 
20726 1000  256  5 0 
13724 773  675  5 0 
15832 471  256  36 0 
15821 1009  256  5 0 
14024 431  490  5 0 
11651 245  256  35 0 
8062 1057  256  5 0 
8411 786  408  5 0 
7287 378  256  33 0 
70817 909  256  5 0 
44443 464  725  5 0 
33217 443  256  57 0 
27481 1547  256  5 0 
22495 579  876  5 0 
18740 225  256  49 0 
10865 1210  256  5 0 
9057 701  603  5 0 
11000 662  256  51 0 
9590 817  256  5 0 
9453 252  505  5 0 
7642 534  256  31 0 
103929 1400  256  5 0 
40808 723  744  5 0 
34310 139  256  38 0 
20833 1530  256  5 0 
17639 523  706  5 0 
13535 600  256  28 0 
14203 1583  256  5 0 
13711 276  767  5 0 
8829 289  256  38 0 
7702 1064  256  5 0 
10182 574  681  5 0 
7045 275  256  37 0 
100565 919  256  5 0 
49650 693  841  5 0 
32098 323  256  47 0 
21431 1468  256  5 0 
18136 544  641  5 0 
14991 340  256  27 0 
11226 1534  256  5 0 
8837 621  496  5 0 
8963 187  256  59 0 
7906 1246  256  5 0 
7471 634  746  5 0 
8362 753  256  56 0 
83213 1372  256  5 0 
55138 381  584  5 0 
27817 236  256  32 0 
25018 1486  256  5 0 
15765 335  481  5 0 
13186 203  256  29 0 
14328 978  256  5 0 
9974 573  861  5 0 
11673 750  256  22 0 
8137 1576  256  5 0 
8705 589  507  5 0 
7144 283  256  55 0 
97790 1376  256  5 0 
40750 169  577  5 0 
33118 267  256  50 0 
23634 1005  256  5 0 
22456 732  614  5 0 
11754 278  256  35 0 
14141 1043  256  5 0 
9612 374  597  5 0 
7650 756  256  58 0 
8595 863  256  5 0 
8989 252  522  5 0 
9327 466  256  31 0 
68846 1410  256  5 0 
48553 509  472  5 0 
37479 551  256  22 0 
22451 1542  256  5 0 
22095 713  475  5 0 
13355 515  256  21 0 
14006 934  256  5 0 
9314 383  570  5 0 
12314 717  256  28 0 
7275 1140  256  5 0 
6906 420  488  5 0 
7959 356  256  46 0 
104018 1250  256  5 0 
45227 662  815  5 0 
23478 137  256  57 0 
26485 1427  256  5 0 
20904 319  618  5 0 
16318 166  256  21 0 
13002 962  256  5 0 
9133 411  661  5 0 
8805 544  256  54 0 
8340 1385  256  5 0 
9164 662  807  5 0 
7766 161  256  33 0 
72592 1306  256  5 0 
54703 797  844  5 0 
32231 439  256  32 0 
22395 888  256  5 0 
16508 568  438  5 0 
18255 148  256  55 0 
13986 1590  256  5 0 
12834 168  537  5 0 
8138 382  256  56 0 
8812 870  256  5 0 
8656 276  550  5 0 
8267 682  256  27 0 
76093 880  256  5 0 
54416 150  726  5 0 
27830 766  256  58 0 
26036 1392  256  5 0 
19090 396  423  5 0 
14196 483  256  44 0 
13427 1109  256  5 0 
14019 377  408  5 0 
8767 477  256  44 0 
10957 1000  256  5 0 
7376 186  800  5 0 
7009 508  256  48 0 
79446 1134  256  5 0 
36367 737  736  5 0 
33964 287  256  30 0 
27391 1483  256  5 0 
18464 697  703  5 0 
12831 768  256  43 0 
15965 1480  256  5 0 
8502 288  487  5 0 
11460 315  256  36 0 
8359 1255  256  5 0 
7936 435  746  5 0 
5833 188  256  42 0 
75646 1062  256  5 0 
52055 741  597  5 0 
28870 172  256  23 0 
24054 1071  256  5 0 
13662 137  701  5 0 
15770 773  256  29 0 
13436 1076  256  5 0 
14022 633  712  5 0 
10230 606  256  57 0 
9810 1194  256  5 0 
8330 658  632  5 0 
5701 547  256  53 0 
90945 1540  256  5 0 
44395 289  708  5 0 
25254 405  256  54 0 
19782 1352  256  5 0 
20568 670  489  5 0 
17777 797  256  20 0 
13674 1579  256  5 0 
11693 391  440  5 0 
12033 397  256  24 0 
10783 966  256  5 0 
7125 170  517  5 0 
6024 756  256  54 0 
96393 1543  256  5 0 
49674 119  615  5 0 
24399 595  256  40 0 
22650 1477  256  5 0 
22068 634  750  5 0 
15951 119  256  21 0 
14626 1535  256  5 0 
13675 639  735  5 0 
11569 731  256  29 0 
7340 1511  256  5 0 
10188 749  454  5 0 
6319 111  256  56 0 
100028 1181  256  5 0 
39403 749  426  5 0 
34827 225  256  30 0 
18793 1532  256  5 0 
15590 297  413  5 0 
13147 664  256  56 0 
10313 986  256  5 0 
11796 171  449  5 0 
7855 790  256  31 0 
10595 1201  256  5 0 
8888 288  885  5 0 
5720 278  256  30 0 
90423 907  256  5 0 
42689 577  605  5 0 
25817 354  256  40 0 
19602 1571  256  5 0 
14015 636  849  5 0 
11983 643  256  35 0 
14249 866  256  5 0 
9860 526  567  5 0 
11745 342  256  56 0 
10303 988  256  5 0 
7693 673  866  5 0 
6002 170  256  27 0 
99983 1291  256  5 0 
53641 432  424  5 0 
25506 599  256  32 0 
24120 1313  256  5 0 
16795 300  387  5 0 
13139 186  256  32 0 
11818 1102  256  5 0 
9376 127  653  5 0 
10711 533  256  25 0 
9220 1513  256  5 0 
9166 377  879  5 0 
5990 299  256  31 0 
101927 941  256  5 0 
50541 405  544  5 0 
30132 644  256  43 0 
19575 854  256  5 0 
14969 765  563  5 0 
16825 652  256  39 0 
9773 1350  256  5 0 
10677 675  457  5 0 
10921 543  256  42 0 
10406 1249  256  5 0 
8822 240  749  5 0 
5752 664  256  23 0 
80500 1125  256  5 0 
54942 763  511  5 0 
30775 636  256  32 0 
25464 1078  256  5 0 
21803 718  476  5 0 
16367 176  256  28 0 
11835 1595  256  5 0 
10530 471  800  5 0 
7769 222  256  56 0 
6774 1272  256  5 0 
9781 175  537  5 0 
5903 544  256  40 0 
76559 1257  256  5 0 
50429 719  385  5 0 
32859 294  256  26 0 
25988 1418  256  5 0 
19295 760  484  5 0 
16812 485  256  37 0 
11378 1124  256  5 0 
11127 597  627  5 0 
9442 249  256  34 0 
8705 895  256  5 0 
8658 194  437  5 0 
7828 607  256  32 0 
97556 1419  256  5 0 
44202 756  388  5 0 
30300 572  256  57 0 
22366 1515  256  5 0 
18047 223  440  5 0 
14390 249  256  24 0 
15451 803  256  5 0 
13085 199  501  5 0 
8751 350  256  55 0 
10769 1306  256  5 0 
7310 119  521  5 0 
7471 284  256  32 0 
73375 1464  256  5 0 
41840 629  422  5 0 
30718 738  256  43 0 
16950 1337  256  5 0 
21585 121  750  5 0 
16977 347  256  24 0 
12909 934  256  5 0 
13089 161  629  5 0 
7828 115  256  42 0 
10003 1394  256  5 0 
6990 212  864  5 0 
6383 314  256  42 0 
67858 1179  256  5 0 
46893 393  760  5 0 
35135 709  256  32 0 
20201 1345  256  5 0 
19903 147  644  5 0 
14464 428  256  34 0 
9997 824  256  5 0 
8893 651  552  5 0 
8430 580  256  42 0 
11230 1204  256  5 0 
7603 520  494  5 0 
7255 151  256  30 0 
68299 1474  256  5 0 
55595 223  455  5 0 
23879 202  256  54 0 
23183 1594  256  5 0 
20057 738  871  5 0 
16812 108  256  58 0 
11339 1478  256  5 0 
8766 774  890  5 0 
8503 273  256  36 0 
11163 875  256  5 0 
7756 234  840  5 0 
8858 506  256  41 0 
81728 1142  256  5 0 
47931 346  492  5 0 
29838 742  256  38 0 
27111 1187  256  5 0 
16607 664  789  5 0 
15374 645  256  47 0 
9901 1360  256  5 0 
10151 567  643  5 0 
11489 726  256  39 0 
8194 951  256  5 0 
8787 337  876  5 0 
8035 195  256  27 0 
73465 950  256  5 0 
42441 695  410  5 0 
35724 125  256  24 0 
23764 1472  256  5 0 
18741 105  467  5 0 
16018 152  256  42 0 
10829 1575  256  5 0 
11141 662  863  5 0 
7683 520  256  53 0 
7562 1340  256  5 0 
6295 156  608  5 0 
6090 575  256  36 0 
100409 1553  256  5 0 
41956 350  747  5 0 
22682 695  256  30 0 
22860 1357  256  5 0 
16128 432  588  5 0 
12712 225  256  25 0 
10324 1335  256  5 0 
8762 141  647  5 0 
9531 223  256  57 0 
10644 1396  256  5 0 
9704 133  417  5 0 
6057 602  256  56 0 
93577 1384  256  5 0 
55128 492  623  5 0 
34406 671  256  32 0 
19492 1404  256  5 0 
18748 188  419  5 0 
16973 204  256  40 0 
14455 1209  256  5 0 
9755 792  438  5 0 
11945 220  256  49 0 
9305 1529  256  5 0 
9639 509  490  5 0 
7960 396  256  40 0 
99258 851  256  5 0 
34568 167  733  5 0 
34581 773  256  41 0 
26655 1431  256  5 0 
21981 489  781  5 0 
16360 711  256  31 0 
15904 805  256  5 0 
9055 123  423  5 0 
7569 393  256  46 0 
10061 1330  256  5 0 
7360 245  877  5 0 
7120 727  256  21 0 
107714 874  256  5 0 
35387 695  732  5 0 
29692 246  256  39 0 
18142 1354  256  5 0 
19431 195  490  5 0 
17815 228  256  20 0 
13494 1517  256  5 0 
12688 243  671  5 0 
12085 627  256  52 0 
9233 1164  256  5 0 
9971 129  649  5 0 
7913 260  256  57 0 
99526 1144  256  5 0 
49172 192  562  5 0 
27259 545  256  34 0 
21039 1089  256  5 0 
17146 406  389  5 0 
18171 353  256  34 0 
11093 1226  256  5 0 
14028 200  787  5 0 
10746 243  256  48 0 
7952 1031  256  5 0 
6311 406  640  5 0 
7940 137  256  48 0 
74359 874  256  5 0 
42528 760  719  5 0 
30105 292  256  21 0 
25940 930  256  5 0 
21046 767  458  5 0 
14705 425  256  26 0 
13335 1496  256  5 0 
11181 699  683  5 0 
10055 346  256  53 0 
11198 920  256  5 0 
10096 549  487  5 0 
7093 775  256  33 0 
77842 1060  256  5 0 
34537 260  811  5 0 
25860 104  256  42 0 
23009 863  256  5 0 
18630 329  591  5 0 
11505 196  256  47 0 
12996 1287  256  5 0 
10939 589  666  5 0 
8330 512  256  32 0 
9437 856  256  5 0 
9954 260  828  5 0 
8298 448  256  42 0 
79374 1429  256  5 0 
39924 630  810  5 0 
36620 394  256  34 0 
20511 801  256  5 0 
19356 122  852  5 0 
13812 552  256  43 0 
10388 1084  256  5 0 
10483 619  483  5 0 
9360 135  256  43 0 
10846 996  256  5 0 
6252 631  430  5 0 
6239 437  256  44 0 
84999 1336  256  5 0 
41736 760  809  5 0 
33557 252  256  35 0 
26546 906  256  5 0 
21914 668  596  5 0 
13588 181  256  27 0 
14601 1008  256  5 0 
11364 255  558  5 0 
9476 329  256  21 0 
7627 1484  256  5 0 
9670 325  841  5 0 
6723 504  256  29 0 
74337 1348  256  5 0 
44016 151  685  5 0 
34181 148  256  49 0 
21068 968  256  5 0 
22006 749  893  5 0 
15221 697  256  37 0 
11035 1554  256  5 0 
13466 725  695  5 0 
9498 370  256  52 0 
7197 800  256  5 0 
7622 744  561  5 0 
8286 136  256  20 0 
90229 1047  256  5 0 
40915 693  847  5 0 
34256 215  256  49 0 
22592 1171  256  5 0 
16239 685  818  5 0 
15398 370  256  30 0 
13754 1062  256  5 0 
8694 505  492  5 0 
8799 607  256  20 0 
7539 1247  256  5 0 
9552 320  797  5 0 
9372 308  256  35 0 
111911 1021  256  5 0 
46463 657  387  5 0 
32204 477  256  27 0 
25811 1365  256  5 0 
21938 582  474  5 0 
16404 714  256  52 0 
14020 1200  256  5 0 
13129 242  797  5 0 
8016 514  256  54 0 
10705 1538  256  5 0 
8236 645  751  5 0 
7519 752  256  34 0 
95885 1058  256  5 0 
38529 521  469  5 0 
32557 551  256  56 0 
27930 1284  256  5 0 
19309 104  778  5 0 
17107 654  256  38 0 
13240 973  256  5 0 
9164 340  572  5 0 
9635 770  256  57 0 
9846 1571  256  5 0 
7329 744  875  5 0 
8591 524  256  55 0 
111845 856  256  5 0 
36671 591  580  5 0 
31777 794  256  51 0 
25528 1352  256  5 0 
14308 449  427  5 0 
14271 370  256  43 0 
10032 1400  256  5 0 
11490 394  384  5 0 
8582 166  256  34 0 
6751 919  256  5 0 
8966 525  659  5 0 
7629 590  256  49 0 
67751 840  256  5 0 
56205 112  660  5 0 
24417 555  256  41 0 
17909 1317  256  5 0 
21107 606  528  5 0 
13503 226  256  55 0 
10806 1238  256  5 0 
13617 332  825  5 0 
9353 169  256  51 0 
9446 860  256  5 0 
9967 151  824  5 0 
7104 359  256  42 0 
80813 830  256  5 0 
41191 219  822  5 0 
31769 568  256  58 0 
22220 1216  256  5 0 
15936 116  829  5 0 
15479 183  256  38 0 
15682 1097  256  5 0 
13338 496  853  5 0 
8487 652  256  27 0 
8647 1440  256  5 0 
6450 117  659  5 0 
8659 560  256  30 0 
94059 1322  256  5 0 
48400 195  830  5 0 
30535 293  256  26 0 
21641 1037  256  5 0 
22287 276  618  5 0 
13892 320  256  39 0 
10932 1548  256  5 0 
8600 599  822  5 0 
10613 682  256  21 0 
10062 811  256  5 0 
9172 518  636  5 0 
6292 434  256  25 0 
107424 1031  256  5 0 
46265 473  540  5 0 
23088 642  256  33 0 
17935 954  256  5 0 
14697 415  761  5 0 
15464 506  256  58 0 
12843 1404  256  5 0 
10146 200  669  5 0 
7654 262  256  55 0 
8120 1424  256  5 0 
6318 625  535  5 0 
8875 125  256  32 0 
71221 1356  256  5 0 
44349 484  641  5 0 
27147 405  256  28 0 
25277 813  256  5 0 
14331 122  788  5 0 
12602 461  256  20 0 
14778 819  256  5 0 
11722 224  728  5 0 
12119 351  256  36 0 
8410 1317  256  5 0 
6161 347  842  5 0 
6468 205  256  34 0 
70441 1052  256  5 0 
44435 118  385  5 0 
29852 446  256  39 0 
18565 1330  256  5 0 
14120 144  718  5 0 
14748 459  256  22 0 
10252 1011  256  5 0 
10207 491  518  5 0 
12409 263  256  34 0 
10814 1077  256  5 0 
10058 368  830  5 0 
6000 710  256  20 0 
78173 1175  256  5 0 
40569 212  422  5 0 
24823 249  256  43 0 
26222 1059  256  5 0 
14237 628  557  5 0 
14931 292  256  24 0 
12007 1067  256  5 0 
13559 396  558  5 0 
9072 112  256  51 0 
7254 830  256  5 0 
6438 700  396  5 0 
8247 287  256  45 0 
103681 1409  256  5 0 
55420 645  405  5 0 
28496 245  256  50 0 
19411 1049  256  5 0 
18586 723  397  5 0 
15888 568  256  33 0 
13254 1160  256  5 0 
10293 172  756  5 0 
8577 327  256  56 0 
9735 1161  256  5 0 
6556 396  889  5 0 
7162 122  256  29 0 
104719 1461  256  5 0 
55146 638  837  5 0 
23011 198  256  51 0 
18870 1545  256  5 0 
15002 120  551  5 0 
15410 590  256  40 0 
11097 804  256  5 0 
12041 351  544  5 0 
8404 792  256  31 0 
7883 1354  256  5 0 
7693 361  449  5 0 
6382 620  256  57 0 
79137 1544  256  5 0 
46428 760  436  5 0 
26726 280  256  38 0 
18928 802  256  5 0 
21500 410  848  5 0 
13395 443  256  22 0 
14895 1026  256  5 0 
9896 287  623  5 0 
7739 623  256  32 0 
8837 903  256  5 0 
6952 654  730  5 0 
9230 355  256  37 0 
83924 1421  256  5 0 
49990 610  394  5 0 
32263 742  256  33 0 
23231 1596  256  5 0 
16817 641  687  5 0 
17030 136  256  27 0 
10175 1151  256  5 0 
11032 266  713  5 0 
7993 755  256  57 0 
6760 1182  256  5 0 
6403 472  626  5 0 
8365 133  256  25 0 
75660 888  256  5 0 
45687 458  803  5 0 
29317 205  256  58 0 
20910 1448  256  5 0 
13610 158  802  5 0 
12826 518  256  22 0 
11493 1069  256  5 0 
12323 709  452  5 0 
11291 141  256  38 0 
8098 1544  256  5 0 
6187 410  567  5 0 
8874 571  256  46 0 
110932 955  256  5 0 
41792 714  720  5 0 
37333 774  256  29 0 
18895 1457  256  5 0 
22159 760  522  5 0 
17944 694  256  34 0 
14185 893  256  5 0 
9136 107  800  5 0 
9812 359  256  59 0 
6957 1536  256  5 0 
8504 364  613  5 0 
9342 595  256  29 0 
87486 807  256  5 0 
45278 639  636  5 0 
24653 234  256  21 0 
27307 1037  256  5 0 
20940 659  771  5 0 
11897 534  256  51 0 
10198 1501  256  5 0 
12367 473  713  5 0 
9745 710  256  37 0 
8250 924  256  5 0 
9818 624  457  5 0 
7574 324  256  36 0 
93320 807  256  5 0 
53232 349  677  5 0 
37309 796  256  50 0 
20975 1008  256  5 0 
20640 235  575  5 0 
11562 274  256  53 0 
13417 1323  256  5 0 
8526 617  713  5 0 
10053 102  256  53 0 
9610 1290  256  5 0 
7570 792  742  5 0 
6987 186  256  55 0 
72635 1412  256  5 0 
54978 316  385  5 0 
31364 611  256  46 0 
17748 920  256  5 0 
20942 257  596  5 0 
14081 488  256  49 0 
13668 1354  256  5 0 
9538 311  517  5 0 
11171 239  256  47 0 
8038 1236  256  5 0 
7876 364  422  5 0 
7166 625  256  43 0 
95486 1324  256  5 0 
33862 368  831  5 0 
34366 380  256  35 0 
18751 898  256  5 0 
14438 225  562  5 0 
16228 521  256  35 0 
13469 1256  256  5 0 
12221 770  387  5 0 
11329 743  256  31 0 
7081 1540  256  5 0 
7346 161  873  5 0 
7002 684  256  42 0 
68148 1154  256  5 0 
36330 437  613  5 0 
33218 697  256  29 0 
21865 1547  256  5 0 
18874 125  601  5 0 
16924 187  256  47 0 
13335 1482  256  5 0 
10165 141  839  5 0 
10420 248  256  23 0 
9807 816  256  5 0 
9007 776  701  5 0 
6637 694  256  23 0 
82932 804  256  5 0 
52455 730  588  5 0 
27014 495  256  59 0 
27948 1551  256  5 0 
19049 128  757  5 0 
11789 682  256  54 0 
13297 1580  256  5 0 
13035 772  411  5 0 
8827 233  256  54 0 
8624 1468  256  5 0 
10007 454  457  5 0 
9129 631  256  58 0 
86728 1357  256  5 0 
38651 276  799  5 0 
35764 209  256  54 0 
24762 1348  256  5 0 
15951 148  882  5 0 
12635 535  256  36 0 
14661 1506  256  5 0 
12367 616  477  5 0 
12457 226  256  55 0 
7607 1514  256  5 0 
7984 531  710  5 0 
6496 196  256  26 0 
96442 1034  256  5 0 
52373 616  546  5 0 
37399 770  256  55 0 
18955 1129  256  5 0 
20665 689  774  5 0 
11523 599  256  58 0 
14906 1425  256  5 0 
12814 499  549  5 0 
11032 623  256  25 0 
9658 1358  256  5 0 
8854 404  650  5 0 
8258 475  256  46 0 
101525 1444  256  5 0 
34272 265  583  5 0 
30382 300  256  42 0 
19773 999  256  5 0 
15262 735  409  5 0 
18319 589  256  42 0 
15264 1582  256  5 0 
11683 620  404  5 0 
9663 517  256  22 0 
10717 1087  256  5 0 
7622 183  872  5 0 
8204 173  256  35 0 
108010 1543  256  5 0 
44956 696  815  5 0 
26569 171  256  51 0 
23842 1420  256  5 0 
22377 730  530  5 0 
13949 744  256  48 0 
16046 1537  256  5 0 
11431 401  843  5 0 
11396 387  256  34 0 
7524 993  256  5 0 
9011 278  563  5 0 
8384 336  256  53 0 
81095 913  256  5 0 
43925 465  779  5 0 
34313 632  256  47 0 
22321 1427  256  5 0 
19742 438  589  5 0 
17992 358  256  47 0 
13615 1493  256  5 0 
12940 342  775  5 0 
10221 703  256  23 0 
9132 1512  256  5 0 
9754 513  520  5 0 
8931 292  256  54 0 
76168 1578  256  5 0 
47286 314  595  5 0 
31252 525  256  41 0 
19056 1507  256  5 0 
15699 163  824  5 0 
15203 352  256  43 0 
13022 904  256  5 0 
9752 274  675  5 0 
10659 788  256  56 0 
6845 1472  256  5 0 
10218 399  841  5 0 
8912 701  256  57 0 
83828 1279  256  5 0 
40575 121  854  5 0 
28545 162  256  32 0 
26956 1139  256  5 0 
15754 238  571  5 0 
15129 465  256  28 0 
12671 1259  256  5 0 
9607 644  541  5 0 
10655 254  256  50 0 
9859 1325  256  5 0 
6971 638  807  5 0 
6617 396  256  52 0 
109442 923  256  5 0 
42358 319  401  5 0 
31218 261  256  54 0 
24354 1375  256  5 0 
16478 635  808  5 0 
18009 632  256  52 0 
12983 1021  256  5 0 
9521 588  870  5 0 
9511 580  256  50 0 
7484 1302  256  5 0 
8745 328  685  5 0 
7150 103  256  54 0 
100448 918  256  5 0 
55243 602  583  5 0 
27485 548  256  59 0 
20253 1328  256  5 0 
14795 614  692  5 0 
14194 647  256  23 0 
10873 1296  256  5 0 
11198 214  887  5 0 
8777 122  256  40 0 
10871 1321  256  5 0 
9166 490  727  5 0 
9163 777  256  31 0 
106846 985  256  5 0 
35605 419  873  5 0 
29865 690  256  24 0 
17113 1527  256  5 0 
15637 517  849  5 0 
15585 797  256  24 0 
12844 825  256  5 0 
13230 427  384  5 0 
9450 292  256  36 0 
8218 867  256  5 0 
8690 337  395  5 0 
8293 302  256  59 0 
68099 1233  256  5 0 
43531 275  554  5 0 
23465 234  256  21 0 
21138 1497  256  5 0 
13894 409  390  5 0 
17366 382  256  32 0 
11174 1060  256  5 0 
11833 495  830  5 0 
9532 111  256  56 0 
8932 1260  256  5 0 
9144 404  748  5 0 
8625 289  256  29 0 
82978 1433  256  5 0 
36213 294  852  5 0 
35375 223  256  53 0 
24446 1297  256  5 0 
18756 439  852  5 0 
14217 517  256  53 0 
14572 1264  256  5 0 
10942 589  493  5 0 
11749 299  256  36 0 
11061 1166  256  5 0 
6439 322  722  5 0 
9329 443  256  25 0 
83632 1315  256  5 0 
49563 510  845  5 0 
37066 117  256  54 0 
26163 1599  256  5 0 
18318 710  710  5 0 
12183 120  256  24 0 
15686 1405  256  5 0 
13129 418  654  5 0 
10294 137  256  44 0 
8564 866  256  5 0 
9120 170  654  5 0 
6268 113  256  22 0 
103068 1372  256  5 0 
36286 798  585  5 0 
23229 792  256  51 0 
24206 1090  256  5 0 
15348 546  399  5 0 
12001 410  256  25 0 
13929 838  256  5 0 
8849 509  693  5 0 
10881 566  256  56 0 
9524 1218  256  5 0 
9486 500  892  5 0 
7993 314  256  57 0 
99394 826  256  5 0 
48683 421  391  5 0 
26681 744  256  26 0 
17762 1289  256  5 0 
21451 336  731  5 0 
12981 368  256  32 0 
15671 1347  256  5 0 
12937 356  838  5 0 
9445 265  256  55 0 
10631 1585  256  5 0 
9327 401  453  5 0 
7202 241  256  53 0 
86390 1217  256  5 0 
44417 737  662  5 0 
35288 194  256  52 0 
18404 1131  256  5 0 
20251 673  674  5 0 
17918 656  256  47 0 
15395 886  256  5 0 
9776 105  710  5 0 
9122 552  256  33 0 
7039 1168  256  5 0 
9621 419  686  5 0 
8996 614  256  29 0 
112417 1423  256  5 0 
49334 141  538  5 0 
36039 339  256  50 0 
27937 1355  256  5 0 
16261 351  882  5 0 
18681 583  256  45 0 
12592 1520  256  5 0 
11887 281  450  5 0 
8319 614  256  55 0 
9596 1589  256  5 0 
7773 621  566  5 0 
6039 736  256  34 0 
106079 843  256  5 0 
37760 522  785  5 0 
28686 252  256  25 0 
23739 1303  256  5 0 
22369 626  734  5 0 
12989 193  256  41 0 
15248 976  256  5 0 
8508 335  432  5 0 
8977 387  256  22 0 
9347 951  256  5 0 
7944 554  601  5 0 
8721 719  256  50 0 
73917 877  256  5 0 
53109 533  727  5 0 
22550 726  256  59 0 
22366 987  256  5 0 
17547 554  840  5 0 
16942 334  256  53 0 
10679 1334  256  5 0 
13930 529  684  5 0 
9176 662  256  56 0 
7826 843  256  5 0 
9468 172  787  5 0 
7973 785  256  52 0 
73157 1292  256  5 0 
47834 696  682  5 0 
28244 347  256  26 0 
17715 1388  256  5 0 
20769 385  615  5 0 
15485 763  256  29 0 
12636 1540  256  5 0 
8873 356  655  5 0 
8211 669  256  23 0 
7047 808  256  5 0 
7741 614  844  5 0 
8582 461  256  42 0 
79133 1416  256  5 0 
35274 222  620  5 0 
36695 192  256  59 0 
26718 1262  256  5 0 
14285 687  579  5 0 
13106 165  256  35 0 
11932 1054  256  5 0 
10641 261  599  5 0 
8313 713  256  39 0 
7467 1246  256  5 0 
7455 350  741  5 0 
8419 789  256  37 0 
77602 1317  256  5 0 
53338 529  565  5 0 
33373 282  256  46 0 
23711 1517  256  5 0 
